,flex-0.10-0.05-1.00,ARC,Belady,CAR,Cacheus,Clock,FIFO,FIFO-Merge,GDSF,GLCache,Hyperbolic,LFU,LHD,LIRS,LRU,LeCaR,QDLP,S3FIFO,S4LRU,TwoQ,WTinyLFU
io_traces.ns329.oracleGeneral.zst_10600000,0.3386,0.3427,0.3083,0.3438,0.3737,0.4072,0.4487,0.41,0.4165,0.4211,0.421,0.8242,0.3959,0.3449,0.4121,0.411,0.3356,0.3351,0.3555,0.346,0.3758
io_traces.ns251.oracleGeneral.zst_43400000,0.1858,0.1913,0.155,0.1902,0.1969,0.2099,0.2419,0.2351,0.2072,0.2151,0.2463,0.7579,0.1868,0.1921,0.2088,0.2053,0.1874,0.1873,0.2219,0.1797,0.1859
io_traces.ns470.oracleGeneral.zst_9800000,0.5898,0.5978,0.5183,0.5969,0.5995,0.6083,0.614,0.6072,0.606,0.602,0.6088,0.8646,0.5979,0.6045,0.6069,0.6066,0.5931,0.5793,0.6015,0.5777,0.5887
io_traces.ns686.oracleGeneral.zst_2800000,0.4708,0.4725,0.4367,0.4729,0.4748,0.4958,0.5591,0.5082,0.4822,0.5018,0.495,0.647,0.4885,0.4804,0.4976,0.4963,0.4719,0.472,0.4811,0.4731,0.4785
io_traces.ns59.oracleGeneral.zst_14200000,0.8194,0.8237,0.7354,0.824,0.8242,0.8256,0.8257,0.826,0.8236,0.8217,0.8257,0.9814,0.816,0.8247,0.8252,0.8251,0.8228,0.7868,0.8156,0.7939,0.7757
io_traces.ns124.oracleGeneral.zst_525800000,0.9402,0.9614,0.8111,0.96,0.9676,0.9813,0.9814,0.9762,0.9804,0.957,0.9802,0.9927,0.9381,0.9603,0.9813,0.9813,0.9549,0.9536,0.9658,0.9613,0.9232
io_traces.ns36.oracleGeneral.zst_14400000,0.8206,0.8252,0.7372,0.8256,0.8257,0.8272,0.8273,0.8276,0.8252,0.8232,0.8272,0.9825,0.8153,0.8262,0.8267,0.8264,0.8241,0.7881,0.8171,0.7957,0.7767
io_traces.ns249.oracleGeneral.zst_2400000,0.4765,0.4763,0.4328,0.4764,0.4763,0.4788,0.4965,0.4801,0.4765,0.4788,0.478,0.7744,0.4791,0.505,0.4791,0.4787,0.4767,0.4757,0.4786,0.4749,0.5296
io_traces.ns706.oracleGeneral.zst_1600000,0.5007,0.5011,0.4835,0.5017,0.504,0.5111,0.551,0.5059,0.5031,0.5498,0.5108,0.652,0.5058,0.5413,0.5155,0.5106,0.5009,0.4998,0.5028,0.501,0.5481
io_traces.ns657.oracleGeneral.zst_2600000,0.419,0.4214,0.3923,0.4217,0.4186,0.4321,0.5032,0.4684,0.4301,0.465,0.4518,0.5972,0.4261,0.4264,0.4426,0.431,0.419,0.4238,0.4292,0.4235,0.4482
io_traces.ns335.oracleGeneral.zst_23200000,0.1621,0.1666,0.1269,0.1669,0.1862,0.2008,0.2553,0.2119,0.2198,0.264,0.248,0.7123,0.1773,0.1698,0.2088,0.1922,0.1598,0.1601,0.1675,0.1673,0.1946
io_traces.ns562.oracleGeneral.zst_1200000,0.4976,0.4959,0.4345,0.4953,0.5027,0.5354,0.5991,0.5473,0.5193,0.5545,0.5301,0.8086,0.5288,0.5013,0.5435,0.533,0.4978,0.4991,0.5106,0.5003,0.5147
io_traces.ns674.oracleGeneral.zst_11400000,0.2358,0.2306,0.1748,0.2314,0.2346,0.244,0.3263,0.2774,0.2463,0.3393,0.26,0.9098,0.2479,0.2469,0.2548,0.2374,0.2362,0.2373,0.2363,0.234,0.3402
io_traces.ns425.oracleGeneral.zst_1200000,0.5837,0.5829,0.5424,0.5829,0.5835,0.5995,0.6609,0.6247,0.5881,0.6091,0.5986,0.8576,0.598,0.6012,0.6027,0.5966,0.5846,0.5843,0.5985,0.5857,0.6043
io_traces.ns5.oracleGeneral.zst_22400000,0.2182,0.2168,0.1532,0.2167,0.2198,0.2201,0.263,0.2373,0.2348,0.2611,0.2333,0.934,0.2178,0.2262,0.22,0.2198,0.2187,0.2184,0.2256,0.2169,0.3083
io_traces.ns376.oracleGeneral.zst_3400000,0.4023,0.3978,0.363,0.3999,0.4034,0.4146,0.4677,0.4311,0.4106,0.4348,0.4232,0.6935,0.4106,0.4109,0.4176,0.4139,0.401,0.4019,0.4061,0.4065,0.4436
io_traces.ns606.oracleGeneral.zst_2200000,0.3995,0.4015,0.3552,0.4019,0.403,0.4234,0.5133,0.4544,0.4164,0.4467,0.429,0.614,0.411,0.4004,0.4295,0.4233,0.4009,0.4012,0.4113,0.4036,0.4146
io_traces.ns360.oracleGeneral.zst_9600000,0.7041,0.709,0.6398,0.7089,0.7072,0.7381,0.7921,0.7395,0.7199,0.7378,0.7455,0.7805,0.7289,0.7067,0.7508,0.734,0.7058,0.7058,0.7375,0.7147,0.7129
io_traces.ns113.oracleGeneral.zst_35800000,0.2111,0.2135,0.1769,0.2131,0.2135,0.2242,0.2305,0.2285,0.2243,0.2153,0.2311,0.811,0.2103,0.2147,0.2224,0.2208,0.212,0.2128,0.2238,0.2079,0.2148
io_traces.ns440.oracleGeneral.zst_3200000,0.5863,0.5879,0.5201,0.5878,0.5874,0.5909,0.5998,0.591,0.5883,0.5879,0.59,0.8809,0.5889,0.5882,0.5916,0.5907,0.5879,0.5875,0.5856,0.5876,0.5817
io_traces.ns78.oracleGeneral.zst_37400000,0.2038,0.2056,0.171,0.2055,0.2059,0.2175,0.2234,0.2203,0.2159,0.2097,0.2222,0.819,0.2008,0.207,0.2161,0.2134,0.2044,0.2052,0.2164,0.2006,0.2085
io_traces.ns90.oracleGeneral.zst_12800000,0.908,0.9116,0.8641,0.9116,0.9113,0.9302,0.9474,0.9261,0.9212,0.9295,0.9293,0.9358,0.9239,0.9064,0.931,0.9282,0.9116,0.9121,0.9186,0.913,0.9014
io_traces.ns260.oracleGeneral.zst_3000000,0.5043,0.5068,0.4477,0.5061,0.506,0.5117,0.5353,0.5136,0.5092,0.5111,0.5111,0.706,0.5095,0.5122,0.5124,0.5115,0.5049,0.5043,0.509,0.5058,0.5429
io_traces.ns763.oracleGeneral.zst_2400000,0.684,0.6836,0.6413,0.684,0.6825,0.6967,0.7116,0.6943,0.6924,0.7034,0.6956,0.7212,0.6932,0.6896,0.6991,0.6948,0.686,0.6869,0.6908,0.6889,0.7052
io_traces.ns8.oracleGeneral.zst_37400000,0.2022,0.2054,0.1689,0.2053,0.2064,0.2158,0.2275,0.226,0.2157,0.2095,0.2315,0.8,0.2008,0.2064,0.2138,0.2123,0.2032,0.2037,0.2165,0.1983,0.2055
io_traces.ns18.oracleGeneral.zst_14000000,0.8177,0.8219,0.733,0.8222,0.8224,0.8239,0.8239,0.8243,0.8218,0.816,0.824,0.9825,0.8137,0.8228,0.8234,0.8232,0.8212,0.7854,0.8145,0.7921,0.7817
io_traces.ns432.oracleGeneral.zst_1200000,0.2208,0.2089,0.174,0.211,0.2189,0.2347,0.2976,0.2693,0.2323,0.3976,0.2485,0.4604,0.2213,0.2201,0.2396,0.2296,0.2166,0.2182,0.2364,0.227,0.2898
io_traces.ns621.oracleGeneral.zst_4600000,0.354,0.3444,0.2262,0.3442,0.3722,0.3988,0.4565,0.4189,0.4261,0.4395,0.4496,0.9261,0.3794,0.3459,0.4057,0.4025,0.3435,0.3421,0.3615,0.3532,0.3891
io_traces.ns203.oracleGeneral.zst_4600000,0.2037,0.2049,0.166,0.2048,0.2116,0.2212,0.2498,0.2276,0.2153,0.2255,0.2249,0.5837,0.2149,0.2151,0.2237,0.2195,0.2042,0.204,0.2129,0.2028,0.2445
io_traces.ns381.oracleGeneral.zst_1200000,0.5353,0.5378,0.5027,0.538,0.535,0.5552,0.6353,0.5902,0.5467,0.6202,0.5564,0.7365,0.5464,0.5396,0.5604,0.5509,0.5382,0.5356,0.5506,0.5398,0.5398
io_traces.ns147.oracleGeneral.zst_37600000,0.2019,0.2055,0.1657,0.2049,0.2042,0.2137,0.219,0.218,0.2141,0.2051,0.2208,0.8175,0.1999,0.2052,0.2111,0.2098,0.2028,0.2036,0.2125,0.1991,0.2039
io_traces.ns86.oracleGeneral.zst_37000000,0.2045,0.2086,0.1703,0.2077,0.2094,0.2171,0.2312,0.2293,0.2153,0.2125,0.2369,0.7752,0.2023,0.2092,0.2156,0.2148,0.2058,0.2063,0.2197,0.1999,0.206
io_traces.ns421.oracleGeneral.zst_8600000,0.2445,0.2442,0.205,0.2426,0.2808,0.3086,0.3567,0.3144,0.326,0.3385,0.347,0.8147,0.2836,0.2474,0.3159,0.3107,0.2367,0.2327,0.2593,0.2528,0.2771
io_traces.ns97.oracleGeneral.zst_18800000,0.1146,0.115,0.1073,0.1149,0.1153,0.1167,0.1233,0.1172,0.1149,0.1194,0.1157,0.632,0.1158,0.1166,0.1169,0.1159,0.1148,0.1149,0.1149,0.1157,0.1188
io_traces.ns369.oracleGeneral.zst_21000000,0.6672,0.6518,0.4797,0.6507,0.7342,0.7484,0.767,0.7502,0.7502,0.7211,0.7748,0.7603,0.6889,0.6501,0.7506,0.7423,0.666,0.665,0.7347,0.6936,0.6572
io_traces.ns566.oracleGeneral.zst_2200000,0.4906,0.4909,0.4439,0.4907,0.4916,0.4927,0.5124,0.4938,0.4903,0.4934,0.4922,0.8048,0.4931,0.5266,0.4931,0.4928,0.4908,0.4898,0.4923,0.49,0.5624
io_traces.ns255.oracleGeneral.zst_2200000,0.5196,0.5211,0.4636,0.521,0.5039,0.5335,0.5945,0.5442,0.5232,0.5848,0.5315,0.7311,0.5293,0.524,0.5364,0.5337,0.5178,0.51,0.5283,0.5234,0.5102
io_traces.ns730.oracleGeneral.zst_14200000,0.9319,0.9513,0.8719,0.9513,0.9499,0.962,0.9629,0.9607,0.9611,0.9495,0.9613,0.9523,0.9536,0.9383,0.9621,0.962,0.9501,0.9541,0.9443,0.958,0.9221
io_traces.ns438.oracleGeneral.zst_2400000,0.6923,0.6923,0.6493,0.6925,0.6914,0.7046,0.72,0.7016,0.7001,0.7115,0.7034,0.7276,0.7014,0.6976,0.7067,0.7031,0.6947,0.6955,0.6997,0.6975,0.7121
io_traces.ns286.oracleGeneral.zst_5000000,0.3089,0.3105,0.2469,0.3124,0.3114,0.3172,0.365,0.3291,0.3257,0.3204,0.326,0.843,0.317,0.3263,0.3175,0.3175,0.3112,0.3111,0.3212,0.2999,0.3875
io_traces.ns522.oracleGeneral.zst_25400000,0.168,0.1636,0.1099,0.1649,0.1639,0.1664,0.212,0.1859,0.1899,0.2373,0.1878,0.8502,0.1664,0.1694,0.1671,0.167,0.1676,0.1683,0.171,0.1671,0.229
io_traces.ns242.oracleGeneral.zst_19400000,0.3107,0.31,0.2207,0.3111,0.3148,0.3194,0.3696,0.3346,0.3343,0.3532,0.3314,0.9294,0.3154,0.3251,0.32,0.3194,0.3114,0.3119,0.3243,0.3119,0.4077
io_traces.ns298.oracleGeneral.zst_2400000,0.4777,0.4782,0.4327,0.4781,0.4786,0.4802,0.4995,0.4813,0.4778,0.4805,0.4797,0.7943,0.4805,0.5133,0.4805,0.4802,0.4779,0.4768,0.4797,0.477,0.5449
io_traces.ns518.oracleGeneral.zst_1600000,0.607,0.6037,0.5484,0.6031,0.6127,0.6811,0.7445,0.6941,0.6218,0.7234,0.6777,0.876,0.6254,0.6254,0.7026,0.6486,0.6075,0.6086,0.6194,0.6093,0.6548
io_traces.ns679.oracleGeneral.zst_723000000,0.7514,0.7307,0.4675,0.7278,0.8101,0.7924,0.8129,0.8084,0.8614,0.794,0.8611,0.8479,0.7168,0.7252,0.7925,0.7922,0.7399,0.7395,0.7906,0.7771,0.7232
io_traces.ns3.oracleGeneral.zst_23800000,0.5549,0.5575,0.5358,0.5575,0.557,0.5594,0.5707,0.5683,0.5592,0.5651,0.5653,0.7416,0.5579,0.5597,0.5597,0.5584,0.5557,0.5547,0.5568,0.5534,0.5595
io_traces.ns436.oracleGeneral.zst_2000000,0.4532,0.4539,0.4224,0.4538,0.4534,0.4576,0.4789,0.4579,0.455,0.4576,0.4567,0.6725,0.458,0.4823,0.4578,0.4575,0.4537,0.4542,0.4587,0.4531,0.4991
io_traces.ns390.oracleGeneral.zst_1400000,0.6786,0.6768,0.6238,0.677,0.6762,0.6952,0.7717,0.7225,0.6845,0.7104,0.6899,0.9249,0.6908,0.6909,0.702,0.6911,0.6797,0.678,0.6898,0.6787,0.7434
io_traces.ns199.oracleGeneral.zst_2400000,0.4761,0.4763,0.4351,0.4762,0.477,0.4783,0.498,0.4797,0.4759,0.4786,0.4776,0.7666,0.4786,0.5113,0.4786,0.4783,0.4762,0.4755,0.478,0.4757,0.5464
io_traces.ns153.oracleGeneral.zst_5200000,0.327,0.3331,0.2654,0.3321,0.3375,0.349,0.3916,0.3563,0.3519,0.3532,0.357,0.7476,0.3447,0.3416,0.3496,0.3493,0.3265,0.321,0.3385,0.3225,0.3475
io_traces.ns116.oracleGeneral.zst_14400000,0.821,0.8258,0.7376,0.8261,0.8264,0.8279,0.828,0.8282,0.8258,0.8232,0.8279,0.983,0.8185,0.8268,0.8274,0.8273,0.8246,0.7877,0.8181,0.7966,0.7771
io_traces.ns496.oracleGeneral.zst_1800000,0.6646,0.6667,0.626,0.6665,0.666,0.6836,0.7456,0.6959,0.6727,0.7546,0.683,0.8329,0.6783,0.6693,0.6865,0.6778,0.6664,0.666,0.6776,0.6689,0.6698
io_traces.ns204.oracleGeneral.zst_2200000,0.4882,0.4886,0.4444,0.4884,0.489,0.4904,0.5104,0.4914,0.4876,0.4913,0.49,0.7864,0.4908,0.5243,0.4907,0.4902,0.4883,0.4873,0.4902,0.4879,0.5603
io_traces.ns561.oracleGeneral.zst_2600000,0.7012,0.7023,0.6544,0.7017,0.7112,0.7435,0.7902,0.7531,0.7258,0.7509,0.7424,0.8531,0.7336,0.7034,0.7512,0.7344,0.6997,0.698,0.7186,0.7054,0.7035
io_traces.ns259.oracleGeneral.zst_22000000,0.1682,0.1734,0.1337,0.1738,0.181,0.2114,0.2638,0.2215,0.2334,0.3255,0.2518,0.6983,0.1854,0.1753,0.2186,0.2071,0.1649,0.1651,0.1765,0.1751,0.1972
io_traces.ns375.oracleGeneral.zst_3000000,0.7385,0.7473,0.6382,0.7473,0.7483,0.7504,0.758,0.7511,0.7493,0.7481,0.7487,0.8189,0.7485,0.7385,0.7512,0.7505,0.7475,0.748,0.7393,0.7496,0.7441
io_traces.ns643.oracleGeneral.zst_2400000,0.4905,0.4904,0.4414,0.4903,0.4901,0.4926,0.5093,0.4933,0.4905,0.4924,0.492,0.8068,0.493,0.5193,0.4929,0.4926,0.4908,0.4897,0.4924,0.4886,0.5392
io_traces.ns176.oracleGeneral.zst_18800000,0.1138,0.1142,0.1066,0.1141,0.1145,0.1159,0.1226,0.1164,0.1141,0.1194,0.1149,0.5939,0.115,0.1158,0.1162,0.115,0.114,0.114,0.1141,0.1148,0.1179
io_traces.ns222.oracleGeneral.zst_11800000,0.1409,0.1431,0.1212,0.1436,0.1436,0.146,0.1584,0.1504,0.142,0.146,0.1484,0.5787,0.1443,0.1488,0.1458,0.1451,0.142,0.142,0.1455,0.1398,0.1399
io_traces.ns631.oracleGeneral.zst_57600000,0.3219,0.3252,0.2925,0.3251,0.3254,0.3284,0.3382,0.3331,0.332,0.3313,0.3338,0.9038,0.3202,0.3261,0.3276,0.3276,0.3238,0.324,0.3329,0.3214,0.3288
io_traces.ns52.oracleGeneral.zst_296800000,0.4641,0.4727,0.3658,0.4655,0.4623,0.4727,0.4788,0.4874,0.4423,0.5259,0.4804,0.9182,0.4287,0.5792,0.4704,0.4699,0.4706,0.4721,0.4737,0.4208,0.657
io_traces.ns93.oracleGeneral.zst_4800000,0.5115,0.5125,0.4404,0.5124,0.5122,0.5135,0.5246,0.513,0.5126,0.5109,0.5126,0.6489,0.5115,0.5259,0.514,0.5128,0.512,0.5119,0.5118,0.5122,0.5207
io_traces.ns237.oracleGeneral.zst_12400000,0.3438,0.3472,0.2835,0.3465,0.3448,0.3462,0.3543,0.3474,0.3455,0.3438,0.3456,0.81,0.3407,0.3497,0.346,0.346,0.3444,0.3446,0.3461,0.3446,0.364
io_traces.ns391.oracleGeneral.zst_42200000,0.2227,0.2118,0.1477,0.2151,0.2059,0.2078,0.232,0.2416,0.2658,0.3009,0.271,0.9619,0.2043,0.2404,0.2068,0.2048,0.2225,0.2306,0.2341,0.2273,0.3341
io_traces.ns484.oracleGeneral.zst_8200000,0.3156,0.3078,0.2477,0.3087,0.3113,0.3611,0.409,0.368,0.3858,0.3715,0.3848,0.8753,0.36,0.3077,0.3647,0.3645,0.3082,0.3082,0.326,0.3186,0.3391
io_traces.ns567.oracleGeneral.zst_2000000,0.5585,0.5568,0.5168,0.5564,0.5571,0.5621,0.5798,0.5613,0.558,0.5623,0.5604,0.7955,0.5623,0.5869,0.5633,0.5624,0.5585,0.5601,0.5586,0.5582,0.7074
io_traces.ns368.oracleGeneral.zst_2800000,0.3981,0.3992,0.383,0.3993,0.3989,0.408,0.4215,0.4065,0.4037,0.4097,0.4061,0.4847,0.4063,0.4076,0.4095,0.4069,0.3996,0.3959,0.3988,0.3958,0.4142
io_traces.ns710.oracleGeneral.zst_4800000,0.4519,0.4508,0.3871,0.4511,0.4627,0.489,0.5842,0.5126,0.4644,0.5542,0.4904,0.8074,0.478,0.4535,0.4948,0.4896,0.4505,0.4515,0.4599,0.4536,0.4796
io_traces.ns188.oracleGeneral.zst_104200000,0.1594,0.1505,0.1072,0.1501,0.1939,0.2206,0.3405,0.2994,0.2056,0.2537,0.3919,0.6323,0.1581,0.1471,0.2281,0.1889,0.1581,0.1564,0.2579,0.1845,0.1398
io_traces.ns263.oracleGeneral.zst_29800000,0.3758,0.4426,0.2607,0.4476,0.3819,0.4017,0.4401,0.4006,0.3979,0.3989,0.3997,0.9162,0.3721,0.3775,0.407,0.4043,0.3783,0.3749,0.3961,0.3818,0.404
io_traces.ns667.oracleGeneral.zst_2200000,0.7628,0.7625,0.6746,0.7625,0.7818,0.829,0.8718,0.8319,0.7889,0.8341,0.8255,0.9548,0.8182,0.7672,0.8404,0.8202,0.7585,0.7545,0.7831,0.7667,0.7674
io_traces.ns230.oracleGeneral.zst_2600000,0.3829,0.384,0.3429,0.3837,0.3836,0.399,0.4695,0.4137,0.3876,0.4048,0.3992,0.5748,0.3937,0.3914,0.4013,0.3951,0.3851,0.3862,0.3955,0.3878,0.4023
io_traces.ns569.oracleGeneral.zst_2600000,0.6993,0.7006,0.6521,0.6997,0.7081,0.7421,0.7886,0.7537,0.7243,0.75,0.742,0.8475,0.7317,0.7017,0.7498,0.7341,0.6978,0.6961,0.7176,0.7039,0.7011
io_traces.ns539.oracleGeneral.zst_3600000,0.5656,0.5695,0.5211,0.5694,0.5724,0.6102,0.6679,0.6147,0.5898,0.6215,0.6165,0.7274,0.5877,0.5751,0.6262,0.6131,0.5664,0.5662,0.5868,0.5759,0.5756
io_traces.ns106.oracleGeneral.zst_14200000,0.819,0.8232,0.7352,0.8234,0.8238,0.8251,0.8252,0.8256,0.8232,0.8176,0.8253,0.9837,0.8161,0.8242,0.8247,0.8246,0.8224,0.7876,0.8155,0.7938,0.7759
io_traces.ns267.oracleGeneral.zst_1600000,0.4769,0.4784,0.4584,0.48,0.4809,0.4829,0.5164,0.4821,0.4779,0.5586,0.4841,0.6255,0.482,0.5142,0.4832,0.482,0.4772,0.4749,0.4785,0.4764,0.5214
io_traces.ns302.oracleGeneral.zst_1400000,0.3108,0.3088,0.2629,0.3087,0.3139,0.3324,0.3639,0.3453,0.3304,0.3488,0.3389,0.5531,0.3315,0.3388,0.3325,0.3295,0.3115,0.3114,0.3482,0.3089,0.3865
io_traces.ns623.oracleGeneral.zst_3800000,0.6529,0.6542,0.5563,0.6542,0.6541,0.668,0.6784,0.6622,0.6576,0.6542,0.6645,0.819,0.6582,0.6585,0.6698,0.6692,0.6542,0.654,0.6597,0.6556,0.6516
io_traces.ns132.oracleGeneral.zst_13000000,0.8677,0.8732,0.6693,0.8727,0.8732,0.877,0.8843,0.8753,0.876,0.8746,0.8759,0.9482,0.8517,0.9151,0.8778,0.8758,0.8734,0.8688,0.8561,0.869,0.8565
io_traces.ns246.oracleGeneral.zst_14000000,0.5531,0.5559,0.529,0.5541,0.5581,0.5941,0.6554,0.6179,0.566,0.6116,0.6064,0.8203,0.5812,0.5577,0.6033,0.5689,0.5537,0.555,0.6412,0.5506,0.5744
io_traces.ns107.oracleGeneral.zst_344000000,0.496,0.5148,0.379,0.5061,0.5013,0.5132,0.5203,0.5252,0.477,0.5835,0.5198,0.9173,0.4605,0.6263,0.5109,0.5104,0.5048,0.5033,0.5078,0.4443,0.6801
io_traces.ns197.oracleGeneral.zst_19600000,0.3326,0.3252,0.2454,0.3305,0.328,0.3388,0.3429,0.3356,0.3216,0.3286,0.3323,0.4842,0.3205,0.3317,0.3388,0.3388,0.3355,0.3214,0.3243,0.3287,0.3316
io_traces.ns126.oracleGeneral.zst_21800000,0.5139,0.5137,0.3603,0.5147,0.5153,0.5087,0.5349,0.5278,0.5285,0.5657,0.5335,0.8785,0.5076,0.5268,0.509,0.5061,0.5175,0.5163,0.5458,0.5127,0.5865
io_traces.ns570.oracleGeneral.zst_5800000,0.3967,0.4032,0.3498,0.4021,0.4104,0.4259,0.4424,0.4262,0.4262,0.4261,0.4271,0.7664,0.4207,0.4066,0.4269,0.4267,0.3966,0.3947,0.4049,0.398,0.4161
io_traces.ns355.oracleGeneral.zst_3200000,0.6405,0.6467,0.5549,0.6464,0.6428,0.6591,0.6723,0.6587,0.6546,0.6613,0.6593,0.7337,0.6548,0.6496,0.6611,0.6594,0.6427,0.6424,0.6541,0.6473,0.6545
io_traces.ns536.oracleGeneral.zst_2000000,0.5041,0.5038,0.4658,0.5036,0.504,0.5133,0.5522,0.5166,0.5079,0.5152,0.5113,0.8318,0.5123,0.5234,0.5155,0.5123,0.5049,0.5045,0.5076,0.5041,0.5511
io_traces.ns41.oracleGeneral.zst_8600000,0.2379,0.2383,0.212,0.2384,0.2524,0.292,0.3296,0.2963,0.2928,0.3033,0.3194,0.7572,0.2741,0.2427,0.299,0.2891,0.2344,0.2343,0.2476,0.2453,0.2681
io_traces.ns509.oracleGeneral.zst_22400000,0.2172,0.2158,0.1521,0.216,0.2158,0.219,0.2611,0.2362,0.2344,0.2645,0.2329,0.9309,0.218,0.225,0.2188,0.2187,0.2177,0.2175,0.225,0.216,0.3068
io_traces.ns462.oracleGeneral.zst_3000000,0.4585,0.4217,0.2728,0.4217,0.4576,0.4837,0.5414,0.5022,0.4996,0.5183,0.519,0.8969,0.4757,0.419,0.4905,0.4893,0.4388,0.4442,0.4492,0.4519,0.4947
io_traces.ns88.oracleGeneral.zst_36000000,0.1917,0.1928,0.1587,0.1922,0.1923,0.1931,0.197,0.194,0.1931,0.1918,0.1934,0.7983,0.1876,0.1938,0.1932,0.193,0.192,0.1929,0.1934,0.1926,0.2003
io_traces.ns521.oracleGeneral.zst_2800000,0.3559,0.3545,0.3123,0.3546,0.3556,0.3772,0.4859,0.4163,0.3734,0.4192,0.3979,0.6271,0.364,0.3562,0.3894,0.3739,0.3563,0.3572,0.387,0.3587,0.3754
io_traces.ns439.oracleGeneral.zst_4400000,0.3058,0.305,0.2272,0.3056,0.3146,0.3229,0.3728,0.3355,0.3418,0.3278,0.3403,0.9352,0.3207,0.3082,0.3238,0.3238,0.3035,0.303,0.3141,0.3047,0.3297
io_traces.ns691.oracleGeneral.zst_2000000,0.4358,0.4372,0.413,0.4373,0.4379,0.4402,0.4688,0.4439,0.4378,0.4415,0.4407,0.6806,0.4409,0.4767,0.4406,0.4401,0.4366,0.4372,0.4418,0.4353,0.5351
io_traces.ns283.oracleGeneral.zst_26200000,0.3252,0.324,0.2373,0.325,0.3243,0.3319,0.3599,0.3454,0.3566,0.3826,0.3544,0.934,0.3229,0.3315,0.332,0.332,0.3264,0.329,0.3457,0.3331,0.4004
io_traces.ns693.oracleGeneral.zst_4600000,0.2769,0.276,0.2049,0.2766,0.2807,0.2872,0.3511,0.3027,0.2988,0.2928,0.3002,0.8375,0.2851,0.2784,0.2883,0.2881,0.2756,0.2777,0.2816,0.2757,0.2965
io_traces.ns309.oracleGeneral.zst_2600000,0.7001,0.7013,0.6528,0.7004,0.7093,0.7427,0.7897,0.7513,0.7249,0.7536,0.7425,0.8437,0.7329,0.7024,0.7505,0.7339,0.6985,0.6966,0.7175,0.7049,0.7242
io_traces.ns477.oracleGeneral.zst_2800000,0.7596,0.7571,0.6611,0.7567,0.8063,0.8575,0.892,0.8692,0.8063,0.8661,0.855,0.9606,0.8338,0.76,0.8681,0.8515,0.7546,0.7515,0.788,0.774,0.7618
io_traces.ns96.oracleGeneral.zst_14600000,0.3525,0.3733,0.2833,0.3763,0.3722,0.3909,0.4569,0.4024,0.3559,0.4252,0.3854,0.5654,0.3731,0.4044,0.3979,0.3799,0.3571,0.3584,0.3693,0.3449,0.4276
io_traces.ns683.oracleGeneral.zst_2400000,0.4155,0.4184,0.3773,0.4182,0.4176,0.4358,0.5054,0.4509,0.4219,0.4487,0.437,0.5799,0.4276,0.4267,0.4386,0.4338,0.4163,0.416,0.4262,0.4177,0.4129
io_traces.ns87.oracleGeneral.zst_36000000,0.5808,0.5864,0.5503,0.5857,0.5935,0.621,0.6646,0.6333,0.6015,0.6196,0.6259,0.8739,0.5985,0.5877,0.6293,0.6132,0.5823,0.5828,0.6033,0.5798,0.5963
io_traces.ns54.oracleGeneral.zst_44600000,0.1893,0.1813,0.1231,0.1841,0.1749,0.1773,0.1987,0.2071,0.2326,0.2677,0.234,0.9483,0.1721,0.1988,0.1752,0.1743,0.1886,0.194,0.2021,0.1893,0.5408
io_traces.ns666.oracleGeneral.zst_6600000,0.3097,0.3105,0.2422,0.3115,0.316,0.3289,0.3831,0.341,0.3377,0.339,0.3442,0.8635,0.3338,0.3146,0.3304,0.3302,0.3078,0.3082,0.3173,0.3087,0.3326
io_traces.ns80.oracleGeneral.zst_8200000,0.3855,0.405,0.319,0.4017,0.4154,0.4292,0.462,0.4329,0.4326,0.4365,0.4358,0.8052,0.4249,0.4231,0.4297,0.4297,0.3857,0.3731,0.4044,0.3792,0.4196
io_traces.ns579.oracleGeneral.zst_2200000,0.6011,0.6033,0.5578,0.603,0.6036,0.6157,0.6794,0.6304,0.6087,0.6381,0.6143,0.8164,0.6159,0.6312,0.6197,0.6142,0.6019,0.5951,0.6097,0.6,0.6498
io_traces.ns749.oracleGeneral.zst_14200000,0.9336,0.9536,0.8737,0.9536,0.9516,0.9619,0.9629,0.9609,0.9612,0.9554,0.9613,0.9538,0.9543,0.9411,0.962,0.962,0.9515,0.9549,0.9448,0.958,0.9214
io_traces.ns125.oracleGeneral.zst_8800000,0.3225,0.3235,0.2672,0.3229,0.3462,0.3862,0.4299,0.3889,0.3789,0.4056,0.4184,0.8677,0.364,0.3299,0.3956,0.3794,0.3192,0.3171,0.3389,0.3275,0.3594
io_traces.ns547.oracleGeneral.zst_6600000,0.2507,0.2505,0.2229,0.2513,0.2514,0.2562,0.2891,0.2604,0.2532,0.269,0.2554,0.3757,0.2531,0.2515,0.2572,0.2547,0.2521,0.2522,0.2539,0.2513,0.2505
io_traces.ns400.oracleGeneral.zst_2000000,0.4352,0.4359,0.4122,0.4364,0.4371,0.4393,0.4687,0.4424,0.4367,0.4407,0.4401,0.7159,0.44,0.4767,0.4398,0.4393,0.4361,0.4368,0.4406,0.4346,0.5338
io_traces.ns40.oracleGeneral.zst_264400000,0.3001,0.3034,0.2638,0.3027,0.3034,0.3097,0.3338,0.3166,0.3035,0.3448,0.3139,0.5416,0.2966,0.3078,0.3112,0.3079,0.3025,0.3032,0.3104,0.2967,0.3136
io_traces.ns614.oracleGeneral.zst_1400000,0.4853,0.485,0.4506,0.485,0.4849,0.4981,0.5829,0.5262,0.4908,0.5126,0.4976,0.7018,0.492,0.4871,0.5025,0.4941,0.4859,0.4861,0.4976,0.4878,0.4873
io_traces.ns118.oracleGeneral.zst_4600000,0.6611,0.6618,0.6201,0.6617,0.6632,0.6712,0.7046,0.6782,0.6629,0.6784,0.6729,0.8662,0.6689,0.6656,0.672,0.6705,0.6618,0.6587,0.6642,0.6603,0.679
io_traces.ns101.oracleGeneral.zst_2600000,0.5605,0.5566,0.5006,0.5573,0.5588,0.569,0.6473,0.5989,0.5741,0.5759,0.5772,0.8963,0.5675,0.5642,0.5721,0.5692,0.5604,0.5629,0.5928,0.561,0.6575
io_traces.ns178.oracleGeneral.zst_319400000,0.4729,0.4944,0.379,0.4837,0.4796,0.4915,0.4986,0.5034,0.4575,0.5241,0.4992,0.9125,0.4487,0.6009,0.4893,0.4886,0.4807,0.4827,0.4853,0.4408,0.6807
io_traces.ns404.oracleGeneral.zst_10600000,0.3167,0.3151,0.2629,0.3162,0.3268,0.3603,0.4439,0.3792,0.3546,0.4208,0.3971,0.9157,0.3448,0.3206,0.3796,0.3351,0.3157,0.3165,0.3206,0.3196,0.3786
io_traces.ns22.oracleGeneral.zst_14600000,0.8225,0.827,0.7396,0.8272,0.8276,0.829,0.829,0.8294,0.8269,0.8243,0.829,0.9826,0.8209,0.8279,0.8285,0.8284,0.8259,0.7897,0.8189,0.798,0.7786
io_traces.ns513.oracleGeneral.zst_22400000,0.2189,0.2178,0.154,0.2174,0.2206,0.2208,0.2642,0.2382,0.2355,0.2623,0.234,0.9354,0.218,0.2274,0.2208,0.2207,0.2195,0.2192,0.2264,0.2177,0.451
io_traces.ns742.oracleGeneral.zst_11000000,0.9538,0.9559,0.9048,0.9561,0.9536,0.9633,0.9695,0.9574,0.9607,0.9595,0.9614,0.9734,0.9601,0.9553,0.9637,0.9635,0.956,0.9596,0.9586,0.9606,0.9552
io_traces.ns119.oracleGeneral.zst_1400000,0.7607,0.7654,0.7187,0.7656,0.7635,0.9012,0.9269,0.8733,0.8274,0.97,0.8987,0.9182,0.7753,0.7665,0.9125,0.7997,0.7651,0.766,0.8444,0.7727,0.768
io_traces.ns586.oracleGeneral.zst_2600000,0.6956,0.6968,0.6486,0.6961,0.704,0.7375,0.7854,0.7467,0.7211,0.7413,0.737,0.8482,0.7291,0.6981,0.7455,0.7291,0.694,0.6927,0.7137,0.7002,0.6986
io_traces.ns163.oracleGeneral.zst_22400000,0.2177,0.2162,0.1525,0.2164,0.2163,0.2196,0.2616,0.2367,0.235,0.2564,0.2334,0.9367,0.2185,0.2258,0.2194,0.2193,0.2181,0.2178,0.2256,0.2165,0.454
io_traces.ns431.oracleGeneral.zst_2800000,0.4038,0.4047,0.3635,0.4046,0.4062,0.4199,0.4813,0.4378,0.4082,0.4408,0.4187,0.6145,0.4141,0.4216,0.4218,0.4175,0.4045,0.4054,0.4131,0.4067,0.4455
io_traces.ns6.oracleGeneral.zst_16400000,0.4493,0.448,0.4184,0.4486,0.4536,0.4628,0.4792,0.4688,0.464,0.4719,0.4717,0.6647,0.4535,0.451,0.4642,0.4581,0.4481,0.445,0.453,0.4447,0.4508
io_traces.ns207.oracleGeneral.zst_51400000,0.7935,0.7951,0.7006,0.7948,0.8058,0.8381,0.8533,0.833,0.8177,0.8395,0.8308,0.8333,0.806,0.7969,0.8432,0.8391,0.7931,0.7946,0.7957,0.8025,0.8032
io_traces.ns79.oracleGeneral.zst_377400000,0.4292,0.4302,0.3443,0.4298,0.4341,0.4401,0.4426,0.4385,0.4374,0.4321,0.4398,0.5897,0.4161,0.4303,0.4404,0.4402,0.4301,0.4269,0.435,0.432,0.4151
io_traces.ns398.oracleGeneral.zst_7600000,0.3217,0.3253,0.2628,0.323,0.3452,0.3662,0.4122,0.3734,0.3831,0.3989,0.3828,0.8509,0.3695,0.3284,0.3685,0.3684,0.3177,0.31,0.3367,0.3228,0.3411
io_traces.ns627.oracleGeneral.zst_11800000,0.254,0.249,0.193,0.2497,0.2556,0.2646,0.3481,0.2964,0.2633,0.3417,0.2788,0.9026,0.2682,0.2662,0.2763,0.2563,0.2543,0.2552,0.2546,0.2521,0.3582
io_traces.ns542.oracleGeneral.zst_2600000,0.3878,0.3888,0.3458,0.3888,0.3892,0.4042,0.4794,0.4237,0.3947,0.4126,0.4036,0.6131,0.3975,0.3933,0.4069,0.4006,0.3887,0.3891,0.3981,0.39,0.3865
io_traces.ns616.oracleGeneral.zst_2400000,0.4742,0.4743,0.4305,0.4742,0.4752,0.4762,0.4956,0.4777,0.4737,0.4762,0.4755,0.7647,0.4766,0.5087,0.4765,0.4763,0.4743,0.4733,0.4758,0.4731,0.5405
io_traces.ns138.oracleGeneral.zst_18800000,0.1144,0.1146,0.1071,0.1147,0.1151,0.1169,0.1248,0.1176,0.1151,0.1185,0.1165,0.5112,0.1161,0.1163,0.1174,0.1161,0.1145,0.1146,0.1147,0.1155,0.1187
io_traces.ns117.oracleGeneral.zst_24200000,0.6564,0.6562,0.5747,0.6561,0.6777,0.7181,0.7289,0.7261,0.7126,0.7291,0.7192,0.9017,0.6814,0.6547,0.7202,0.7192,0.654,0.654,0.6866,0.6639,0.7604
io_traces.ns57.oracleGeneral.zst_7400000,0.4887,0.4922,0.4223,0.4925,0.4893,0.5052,0.5142,0.5015,0.5032,0.5098,0.5069,0.6999,0.5015,0.4978,0.5068,0.5049,0.49,0.4936,0.503,0.4938,0.5038
io_traces.ns289.oracleGeneral.zst_27400000,0.1776,0.1734,0.1249,0.1745,0.179,0.1815,0.228,0.1976,0.1973,0.2482,0.2037,0.7539,0.1772,0.1789,0.1844,0.183,0.1751,0.1759,0.1795,0.1759,0.2186
io_traces.ns23.oracleGeneral.zst_36800000,0.2029,0.1954,0.1271,0.198,0.1891,0.1898,0.2141,0.2212,0.2483,0.2804,0.2477,0.924,0.185,0.2137,0.1873,0.187,0.2019,0.2068,0.2161,0.201,0.492
io_traces.ns274.oracleGeneral.zst_3000000,0.4537,0.4166,0.2754,0.4169,0.4558,0.4823,0.5408,0.5009,0.4969,0.5099,0.516,0.8875,0.4749,0.4143,0.4895,0.4884,0.4345,0.4397,0.4458,0.4481,0.4872
io_traces.ns670.oracleGeneral.zst_5200000,0.4721,0.4752,0.382,0.4706,0.492,0.5156,0.552,0.5226,0.5208,0.5274,0.5331,0.8591,0.5084,0.4785,0.5178,0.5174,0.4644,0.4548,0.4823,0.4694,0.51
io_traces.ns270.oracleGeneral.zst_1200000,0.222,0.216,0.1772,0.2177,0.226,0.2476,0.3051,0.2591,0.2423,0.3722,0.2516,0.4669,0.2336,0.2241,0.2528,0.244,0.2199,0.2204,0.2319,0.2248,0.249
io_traces.ns215.oracleGeneral.zst_8400000,0.3812,0.3884,0.294,0.3855,0.4148,0.441,0.4905,0.4555,0.4397,0.5041,0.4519,0.8306,0.4228,0.4008,0.4548,0.4295,0.3759,0.3766,0.4039,0.3885,0.4566
io_traces.ns412.oracleGeneral.zst_5400000,0.474,0.4738,0.344,0.4737,0.4704,0.4772,0.5042,0.4798,0.4747,0.4742,0.476,0.7928,0.4672,0.5095,0.4778,0.477,0.4743,0.4734,0.4776,0.4717,0.5128
io_traces.ns42.oracleGeneral.zst_1600000,0.6607,0.6589,0.6254,0.6584,0.6626,0.6952,0.7404,0.7017,0.669,0.7118,0.6899,0.8046,0.6838,0.6638,0.7013,0.6842,0.6596,0.6612,0.6632,0.6639,0.6832
io_traces.ns810.oracleGeneral.zst_177000000,0.8839,0.887,0.7954,0.8872,0.8849,0.8886,0.8897,0.887,0.8881,0.8839,0.8884,0.9787,0.8824,0.8917,0.8887,0.8885,0.886,0.883,0.8853,0.8804,0.8862
io_traces.ns264.oracleGeneral.zst_19000000,0.2934,0.2914,0.2136,0.2925,0.2939,0.2948,0.3495,0.3131,0.309,0.3574,0.307,0.9309,0.2938,0.3116,0.2949,0.2945,0.2945,0.2955,0.3033,0.2945,0.397
io_traces.ns755.oracleGeneral.zst_1800000,0.755,0.7646,0.7179,0.7646,0.7644,0.7681,0.7725,0.7663,0.7654,0.7644,0.7661,0.7915,0.768,0.7552,0.7683,0.7682,0.7642,0.7645,0.7562,0.7654,0.7615
io_traces.ns165.oracleGeneral.zst_14600000,0.3847,0.3879,0.3284,0.3865,0.3896,0.4022,0.418,0.4052,0.3901,0.4031,0.4034,0.686,0.3927,0.3957,0.4046,0.4012,0.3853,0.3836,0.4016,0.3835,0.3979
io_traces.ns95.oracleGeneral.zst_1400000,0.672,0.672,0.6018,0.6726,0.6865,0.7099,0.724,0.7067,0.6957,0.7067,0.7035,0.8016,0.7082,0.6761,0.7132,0.7096,0.6721,0.6725,0.6872,0.678,0.6919
io_traces.ns194.oracleGeneral.zst_7000000,0.3452,0.3449,0.2969,0.3449,0.345,0.3468,0.3592,0.3491,0.3455,0.3449,0.347,0.7222,0.3447,0.3571,0.3461,0.3461,0.3457,0.3457,0.3456,0.3448,0.3761
io_traces.ns588.oracleGeneral.zst_2400000,0.4877,0.4879,0.4408,0.4878,0.4891,0.4901,0.5096,0.4917,0.4872,0.4903,0.4895,0.7917,0.4905,0.5229,0.4904,0.4903,0.4878,0.4867,0.4895,0.487,0.5792
io_traces.ns504.oracleGeneral.zst_3400000,0.4415,0.4463,0.3095,0.4444,0.4531,0.4643,0.5323,0.4801,0.4602,0.4969,0.4612,0.8764,0.4647,0.4426,0.4738,0.4584,0.4376,0.4386,0.4464,0.446,0.4389
io_traces.ns20.oracleGeneral.zst_14400000,0.8212,0.8256,0.7384,0.8259,0.8262,0.8275,0.8276,0.828,0.8255,0.8232,0.8276,0.9855,0.8167,0.8265,0.8271,0.827,0.8246,0.7891,0.8177,0.7969,0.7781
io_traces.ns443.oracleGeneral.zst_2000000,0.2688,0.2688,0.2459,0.269,0.2691,0.2847,0.3127,0.281,0.2733,0.2953,0.2822,0.3123,0.2869,0.2732,0.2892,0.2801,0.27,0.2653,0.2702,0.2681,0.2722
io_traces.ns450.oracleGeneral.zst_2000000,0.6468,0.6472,0.6049,0.647,0.6471,0.6624,0.7036,0.6699,0.652,0.7147,0.6612,0.8818,0.6634,0.6728,0.6637,0.6612,0.6478,0.6495,0.6555,0.6457,0.7004
io_traces.ns700.oracleGeneral.zst_2800000,0.3705,0.3686,0.3078,0.3689,0.3697,0.3765,0.4744,0.4025,0.384,0.394,0.3866,0.7944,0.3778,0.3749,0.3777,0.377,0.3697,0.3685,0.3798,0.3663,0.3867
io_traces.ns183.oracleGeneral.zst_1600000,0.7953,0.7957,0.754,0.7956,0.7956,0.7958,0.8005,0.7959,0.7957,0.7943,0.7956,0.9505,0.7958,0.8202,0.7958,0.7958,0.7955,0.7955,0.7947,0.7956,0.8295
io_traces.ns506.oracleGeneral.zst_2200000,0.4904,0.4906,0.4495,0.4907,0.4915,0.4924,0.5142,0.4945,0.49,0.4949,0.4926,0.7853,0.4931,0.5269,0.4928,0.4926,0.4904,0.4895,0.4934,0.4916,0.5911
io_traces.ns303.oracleGeneral.zst_16200000,0.829,0.8341,0.7521,0.8339,0.8346,0.8357,0.836,0.8362,0.8339,0.8322,0.8356,0.9841,0.8251,0.8345,0.8354,0.8351,0.8327,0.7972,0.8267,0.809,0.7854
io_traces.ns731.oracleGeneral.zst_14000000,0.9312,0.9526,0.8699,0.9526,0.9497,0.9613,0.9623,0.9602,0.9604,0.9536,0.9607,0.9532,0.9489,0.9382,0.9614,0.9614,0.9499,0.9525,0.943,0.9561,0.9196
io_traces.ns318.oracleGeneral.zst_11600000,0.2398,0.2349,0.1788,0.2357,0.2409,0.248,0.3299,0.2797,0.249,0.3082,0.2634,0.8919,0.2535,0.2511,0.2587,0.2418,0.2404,0.2414,0.2406,0.2381,0.3433
io_traces.ns502.oracleGeneral.zst_4000000,0.4377,0.4385,0.4143,0.4385,0.4402,0.4566,0.5033,0.4676,0.4475,0.4904,0.4575,0.6923,0.4507,0.4393,0.46,0.4506,0.4379,0.4376,0.4434,0.4398,0.4387
io_traces.ns70.oracleGeneral.zst_3400000,0.1812,0.1733,0.1548,0.1766,0.1844,0.1958,0.2232,0.2013,0.1957,0.209,0.1978,0.5155,0.1963,0.1825,0.2006,0.1873,0.1774,0.1789,0.1795,0.1886,0.2374
io_traces.ns250.oracleGeneral.zst_7600000,0.5259,0.5334,0.4488,0.5307,0.5318,0.5503,0.5642,0.5468,0.5293,0.5647,0.5474,0.7014,0.5429,0.5412,0.5523,0.5516,0.5262,0.5221,0.5287,0.524,0.5339
io_traces.ns377.oracleGeneral.zst_1600000,0.5598,0.5617,0.5193,0.5619,0.5614,0.5857,0.6755,0.6284,0.576,0.6487,0.5928,0.7563,0.5722,0.5647,0.5976,0.5788,0.56,0.5608,0.5743,0.5631,0.574
io_traces.ns650.oracleGeneral.zst_5800000,0.6435,0.6609,0.5651,0.6603,0.6437,0.7027,0.7302,0.6865,0.6708,0.6885,0.7004,0.8572,0.6618,0.6625,0.7123,0.686,0.6601,0.6419,0.6616,0.6561,0.6354
io_traces.ns500.oracleGeneral.zst_3800000,0.279,0.2798,0.2609,0.2799,0.2801,0.289,0.3464,0.3027,0.2886,0.2989,0.2984,0.5056,0.2854,0.2909,0.2916,0.2877,0.2791,0.281,0.2878,0.281,0.3083
io_traces.ns299.oracleGeneral.zst_1400000,0.7377,0.7433,0.699,0.7437,0.7403,0.8235,0.894,0.8128,0.7656,0.8849,0.839,0.9138,0.7525,0.7497,0.8752,0.8218,0.7391,0.7419,0.7538,0.7655,0.7687
io_traces.ns367.oracleGeneral.zst_1400000,0.4662,0.4669,0.4462,0.4673,0.4659,0.4801,0.4965,0.4801,0.4728,0.4883,0.4793,0.5642,0.4808,0.4717,0.4832,0.4792,0.4672,0.4586,0.4668,0.4599,0.476
io_traces.ns501.oracleGeneral.zst_1200000,0.3193,0.3182,0.2871,0.3184,0.3331,0.3698,0.4611,0.4126,0.347,0.5176,0.3802,0.4785,0.3358,0.318,0.3961,0.354,0.3176,0.3183,0.419,0.323,0.3205
io_traces.ns531.oracleGeneral.zst_2200000,0.4907,0.4908,0.4484,0.4908,0.4917,0.4926,0.5145,0.4947,0.4901,0.4952,0.493,0.7806,0.4933,0.5259,0.493,0.4926,0.4905,0.4898,0.4925,0.4919,0.5638
io_traces.ns364.oracleGeneral.zst_3600000,0.3135,0.3154,0.2879,0.3167,0.3139,0.3655,0.3977,0.3679,0.3373,0.385,0.3686,0.4484,0.3265,0.3223,0.3764,0.3299,0.3187,0.3232,0.3453,0.3243,0.3362
io_traces.ns349.oracleGeneral.zst_3600000,0.5103,0.511,0.4746,0.5109,0.5106,0.5156,0.5375,0.5147,0.5128,0.5139,0.5142,0.754,0.5154,0.5268,0.5159,0.5154,0.5109,0.5111,0.5121,0.5113,0.5624
io_traces.ns688.oracleGeneral.zst_4400000,0.3127,0.3181,0.2549,0.3198,0.3244,0.3358,0.3673,0.3427,0.3459,0.3451,0.3453,0.7954,0.3322,0.3343,0.3364,0.3364,0.3141,0.311,0.3336,0.3081,0.3791
io_traces.ns720.oracleGeneral.zst_1200000,0.5026,0.5036,0.4775,0.5037,0.501,0.5171,0.5973,0.5532,0.51,0.5867,0.5302,0.6915,0.5084,0.5077,0.5363,0.5119,0.5036,0.5064,0.508,0.5073,0.5176
io_traces.ns13.oracleGeneral.zst_14600000,0.8231,0.8274,0.741,0.8277,0.8283,0.8295,0.8296,0.83,0.8274,0.8234,0.8295,0.9823,0.8183,0.8284,0.829,0.8289,0.8265,0.7922,0.8199,0.8008,0.7928
io_traces.ns753.oracleGeneral.zst_1600000,0.7017,0.7017,0.665,0.7017,0.7023,0.7043,0.7121,0.7037,0.7021,0.7033,0.7037,0.9088,0.704,0.7192,0.7046,0.7045,0.7019,0.7018,0.7016,0.7023,0.7622
io_traces.ns558.oracleGeneral.zst_6800000,0.3397,0.3391,0.3057,0.3392,0.3397,0.3422,0.3561,0.3457,0.34,0.3413,0.3452,0.8705,0.342,0.3557,0.3421,0.3417,0.3398,0.3395,0.3408,0.3387,0.6585
io_traces.ns611.oracleGeneral.zst_2600000,0.6855,0.686,0.6391,0.6856,0.6943,0.7273,0.7749,0.7404,0.7105,0.7408,0.7267,0.8323,0.7188,0.6871,0.7347,0.719,0.6839,0.6824,0.7012,0.6899,0.6875
io_traces.ns669.oracleGeneral.zst_2000000,0.5758,0.5731,0.3974,0.5698,0.5832,0.6069,0.668,0.6734,0.6008,0.6703,0.6065,0.9401,0.5888,0.5697,0.6171,0.607,0.5671,0.5678,0.5941,0.5821,0.6177
io_traces.ns275.oracleGeneral.zst_13800000,0.9277,0.9508,0.8672,0.9508,0.9475,0.9612,0.9622,0.9599,0.9603,0.9529,0.9605,0.9517,0.9489,0.9329,0.9613,0.9613,0.9466,0.951,0.9398,0.9551,0.9157
io_traces.ns702.oracleGeneral.zst_2600000,0.6978,0.6994,0.6501,0.6985,0.7086,0.7404,0.7876,0.7607,0.7227,0.7478,0.739,0.8431,0.7322,0.7005,0.7481,0.7323,0.6963,0.6948,0.7144,0.7027,0.6995
io_traces.ns738.oracleGeneral.zst_2400000,0.9085,0.913,0.8005,0.913,0.9122,0.9135,0.9254,0.9112,0.9128,0.9121,0.9136,0.9181,0.9131,0.905,0.9144,0.9137,0.9141,0.9142,0.9093,0.9143,0.9043
io_traces.ns467.oracleGeneral.zst_16000000,0.4085,0.4082,0.3386,0.4079,0.4338,0.478,0.5213,0.4826,0.4457,0.5064,0.4927,0.8996,0.433,0.4118,0.4886,0.4611,0.4069,0.4064,0.4134,0.4131,0.5883
io_traces.ns495.oracleGeneral.zst_2600000,0.6955,0.6962,0.6494,0.6954,0.7051,0.7367,0.7847,0.7445,0.72,0.7445,0.736,0.8464,0.7262,0.6975,0.7447,0.7283,0.6939,0.6925,0.7129,0.6997,0.6984
io_traces.ns257.oracleGeneral.zst_17000000,0.1421,0.1427,0.1181,0.1425,0.1424,0.144,0.1582,0.1469,0.1429,0.1435,0.1447,0.3079,0.1428,0.1458,0.1441,0.1438,0.1424,0.1425,0.1439,0.1393,0.1448
io_traces.ns668.oracleGeneral.zst_2600000,0.7125,0.7137,0.6642,0.7129,0.7235,0.756,0.8014,0.7644,0.7385,0.7631,0.7554,0.8604,0.7457,0.7148,0.7637,0.7474,0.711,0.7095,0.7298,0.7174,0.7148
io_traces.ns735.oracleGeneral.zst_2000000,0.5616,0.5945,0.5077,0.5883,0.6033,0.903,0.9067,0.7807,0.8519,0.7833,0.885,0.8192,0.6272,0.5529,0.9098,0.872,0.5765,0.5686,0.6311,0.6293,0.5966
io_traces.ns613.oracleGeneral.zst_2400000,0.4836,0.4838,0.439,0.4836,0.4848,0.4858,0.505,0.487,0.4833,0.4857,0.485,0.7875,0.4861,0.519,0.4861,0.4858,0.4837,0.4826,0.4852,0.4827,0.5514
io_traces.ns641.oracleGeneral.zst_2600000,0.6958,0.6975,0.6486,0.6967,0.7067,0.7381,0.785,0.747,0.7212,0.7482,0.736,0.8339,0.7294,0.6984,0.7453,0.7285,0.6937,0.6918,0.7134,0.7011,0.7204
io_traces.ns104.oracleGeneral.zst_2400000,0.4806,0.4808,0.4386,0.4806,0.4811,0.4825,0.5021,0.484,0.4803,0.4829,0.4817,0.7643,0.4829,0.5155,0.4829,0.4826,0.4808,0.4799,0.4823,0.4797,0.5532
io_traces.ns58.oracleGeneral.zst_382600000,0.519,0.557,0.3994,0.5407,0.5306,0.5441,0.5531,0.5529,0.5076,0.5949,0.55,0.9093,0.4913,0.645,0.5425,0.5416,0.5284,0.5219,0.5293,0.4774,0.6883
io_traces.ns27.oracleGeneral.zst_14200000,0.8204,0.8251,0.7361,0.8254,0.8257,0.8271,0.8272,0.8274,0.8251,0.821,0.8271,0.9859,0.8188,0.8261,0.8266,0.8265,0.824,0.7858,0.8171,0.796,0.7757
io_traces.ns129.oracleGeneral.zst_4200000,0.4022,0.4067,0.3494,0.4049,0.411,0.424,0.4494,0.4313,0.4152,0.4301,0.4286,0.6299,0.4169,0.4152,0.4245,0.4213,0.4029,0.4003,0.4163,0.3994,0.4205
io_traces.ns34.oracleGeneral.zst_18800000,0.1145,0.1148,0.1071,0.1147,0.1151,0.1164,0.123,0.1169,0.1147,0.1187,0.1154,0.5698,0.1152,0.1164,0.1167,0.1155,0.1146,0.1147,0.1147,0.1155,0.1178
io_traces.ns383.oracleGeneral.zst_1200000,0.4992,0.4969,0.4641,0.4969,0.4965,0.5092,0.5727,0.5287,0.5015,0.5137,0.509,0.6911,0.5068,0.501,0.5122,0.5088,0.4993,0.4994,0.5131,0.5013,0.5028
io_traces.ns254.oracleGeneral.zst_16200000,0.829,0.8341,0.7523,0.8339,0.8345,0.8357,0.836,0.8361,0.8339,0.831,0.8355,0.9834,0.8259,0.8345,0.8353,0.8352,0.8327,0.7979,0.827,0.8085,0.7951
io_traces.ns154.oracleGeneral.zst_36400000,0.1668,0.172,0.1379,0.1718,0.1751,0.1836,0.2049,0.2034,0.1836,0.1788,0.2118,0.7732,0.1663,0.1724,0.1818,0.1809,0.1686,0.1687,0.1869,0.161,0.1749
io_traces.ns580.oracleGeneral.zst_7800000,0.5188,0.524,0.4541,0.5223,0.5266,0.5422,0.5802,0.547,0.5245,0.5556,0.5381,0.795,0.5384,0.532,0.5454,0.5388,0.5201,0.5122,0.522,0.5151,0.5309
io_traces.ns177.oracleGeneral.zst_361600000,0.1093,0.1211,0.09,0.1202,0.1475,0.1618,0.2262,0.2259,0.1173,0.2236,0.2298,0.4602,0.11,0.1186,0.168,0.1297,0.1112,0.1101,0.1303,0.1247,0.114
io_traces.ns320.oracleGeneral.zst_1800000,0.5453,0.5452,0.5089,0.5448,0.5439,0.5522,0.5905,0.5584,0.5473,0.5522,0.5519,0.8186,0.5514,0.5763,0.5535,0.5517,0.546,0.5419,0.5534,0.5447,0.5724
io_traces.ns9.oracleGeneral.zst_22600000,0.1395,0.1423,0.1272,0.1415,0.1455,0.1491,0.1799,0.1573,0.143,0.1492,0.1528,0.487,0.144,0.1462,0.1495,0.1473,0.1397,0.1384,0.1429,0.1402,0.1562
io_traces.ns328.oracleGeneral.zst_1200000,0.7851,0.7928,0.7492,0.7929,0.7911,0.927,0.9457,0.9032,0.841,0.9774,0.9257,0.94,0.8027,0.7923,0.9341,0.8197,0.7935,0.7944,0.8785,0.7974,0.79
io_traces.ns77.oracleGeneral.zst_30800000,0.6298,0.6333,0.5004,0.6335,0.6386,0.6736,0.7,0.6683,0.6687,0.7367,0.6718,0.9085,0.6352,0.6319,0.6753,0.6747,0.6337,0.6352,0.6377,0.6373,0.6326
io_traces.ns563.oracleGeneral.zst_2200000,0.4119,0.4159,0.3725,0.416,0.4148,0.4467,0.5235,0.4626,0.4345,0.4995,0.4624,0.5858,0.4238,0.4153,0.4676,0.4452,0.4132,0.4137,0.4265,0.4157,0.4055
io_traces.ns208.oracleGeneral.zst_18800000,0.1139,0.1142,0.1067,0.1142,0.1146,0.116,0.1225,0.1165,0.1142,0.1203,0.1152,0.6236,0.1148,0.1158,0.1163,0.1152,0.1141,0.1141,0.1142,0.1149,0.118
io_traces.ns32.oracleGeneral.zst_164200000,0.2322,0.2381,0.2094,0.2358,0.2516,0.2754,0.3297,0.2889,0.237,0.3099,0.2859,0.4554,0.2341,0.2396,0.2836,0.2504,0.2329,0.2322,0.2371,0.2337,0.2425
io_traces.ns266.oracleGeneral.zst_7600000,0.3,0.2965,0.2502,0.2968,0.3038,0.3244,0.4115,0.3523,0.3174,0.3808,0.3522,0.912,0.3277,0.315,0.3404,0.3028,0.2999,0.3012,0.3006,0.2979,0.518
io_traces.ns46.oracleGeneral.zst_41600000,0.1864,0.1909,0.1559,0.1899,0.1951,0.207,0.2316,0.2256,0.2045,0.1992,0.2361,0.7594,0.186,0.1918,0.2054,0.2032,0.1878,0.1881,0.2097,0.1808,0.1882
io_traces.ns314.oracleGeneral.zst_4400000,0.3028,0.3037,0.2458,0.3039,0.3099,0.3142,0.3571,0.326,0.3242,0.3194,0.3325,0.8558,0.3138,0.3158,0.3144,0.3144,0.302,0.2981,0.3135,0.2971,0.3447
io_traces.ns427.oracleGeneral.zst_16800000,0.529,0.533,0.3828,0.5321,0.5479,0.602,0.6288,0.5922,0.6067,0.6639,0.6078,0.9234,0.564,0.5318,0.6075,0.6002,0.5245,0.5262,0.5733,0.5623,0.5622
io_traces.ns100.oracleGeneral.zst_13200000,0.8645,0.8691,0.8245,0.8691,0.8692,0.8891,0.9014,0.8902,0.8816,0.8877,0.8874,0.9131,0.8862,0.8671,0.8911,0.8876,0.8683,0.8692,0.8734,0.8699,0.8702
io_traces.ns112.oracleGeneral.zst_15200000,0.3695,0.3729,0.3008,0.3717,0.3881,0.4041,0.435,0.4142,0.3797,0.3869,0.4192,0.7335,0.3905,0.3731,0.4055,0.3968,0.3705,0.366,0.4003,0.3647,0.3654
io_traces.ns179.oracleGeneral.zst_7000000,0.5199,0.5245,0.4537,0.5248,0.5205,0.5405,0.5503,0.5378,0.5373,0.542,0.5423,0.6993,0.5355,0.5311,0.5423,0.5406,0.5222,0.5243,0.5395,0.5252,0.5377
io_traces.ns801.oracleGeneral.zst_2000000,0.9412,0.941,0.9235,0.941,0.9428,0.9512,0.9527,0.9482,0.9477,0.9493,0.9495,0.9416,0.9507,0.9421,0.9526,0.9491,0.9411,0.9444,0.9428,0.9492,0.9461
io_traces.ns346.oracleGeneral.zst_1400000,0.7647,0.7683,0.7245,0.7684,0.7672,0.9144,0.9354,0.8629,0.8533,0.9657,0.9111,0.9275,0.7805,0.7685,0.922,0.7984,0.7689,0.77,0.8661,0.7749,0.7687
io_traces.ns72.oracleGeneral.zst_37600000,0.2041,0.2067,0.1702,0.2067,0.2069,0.2184,0.2254,0.2234,0.2183,0.2097,0.2262,0.8237,0.2,0.2077,0.2161,0.2136,0.205,0.2057,0.216,0.2004,0.2061
io_traces.ns288.oracleGeneral.zst_1200000,0.676,0.6794,0.627,0.679,0.6774,0.6821,0.7027,0.6871,0.6765,0.6941,0.6822,0.9085,0.683,0.6892,0.6842,0.6803,0.676,0.6758,0.6796,0.678,0.7036
io_traces.ns192.oracleGeneral.zst_35600000,0.1852,0.1855,0.1568,0.1855,0.1857,0.1864,0.1914,0.1875,0.1864,0.1856,0.1868,0.8069,0.1814,0.1873,0.1865,0.1863,0.1853,0.186,0.1868,0.186,0.1972
io_traces.ns601.oracleGeneral.zst_2400000,0.4812,0.4815,0.4351,0.4814,0.4822,0.4837,0.5025,0.4847,0.4811,0.484,0.483,0.7763,0.484,0.5169,0.4839,0.4837,0.4815,0.4803,0.4833,0.4801,0.5495
io_traces.ns63.oracleGeneral.zst_6200000,0.5918,0.5905,0.5507,0.5908,0.592,0.6194,0.667,0.6187,0.5981,0.6378,0.6212,0.7828,0.6052,0.5991,0.6318,0.613,0.5905,0.5901,0.5926,0.598,0.6227
io_traces.ns361.oracleGeneral.zst_15800000,0.2869,0.2853,0.2128,0.2868,0.2874,0.2876,0.341,0.3047,0.2995,0.3598,0.2976,0.917,0.2885,0.303,0.2876,0.2874,0.2881,0.289,0.2956,0.288,0.3906
io_traces.ns49.oracleGeneral.zst_40800000,0.9254,0.9282,0.8085,0.9268,0.9495,0.9633,0.965,0.9572,0.9589,0.9548,0.9617,0.9588,0.9543,0.9263,0.9639,0.9639,0.9208,0.9205,0.9287,0.9322,0.9205
io_traces.ns148.oracleGeneral.zst_92600000,0.2768,0.2163,0.202,0.2162,0.2178,0.2163,0.2162,0.2774,0.2341,0.3012,0.249,0.9059,0.2163,0.3535,0.2153,0.2153,0.2692,0.3099,0.247,0.2982,0.487
io_traces.ns699.oracleGeneral.zst_2400000,0.4817,0.4821,0.4413,0.4819,0.4825,0.4836,0.5041,0.4857,0.4811,0.4861,0.4833,0.7873,0.4841,0.5173,0.4839,0.4836,0.4818,0.481,0.4835,0.482,0.555
io_traces.ns105.oracleGeneral.zst_4200000,0.552,0.553,0.497,0.5531,0.5581,0.5896,0.6497,0.6073,0.5678,0.5934,0.5964,0.7467,0.5736,0.5615,0.602,0.5875,0.552,0.5529,0.5831,0.5584,0.5767
io_traces.ns784.oracleGeneral.zst_8200000,0.7593,0.7665,0.6867,0.7656,0.7689,0.7722,0.7745,0.7706,0.7713,0.7712,0.7724,0.8619,0.7677,0.769,0.7725,0.7718,0.7607,0.7477,0.7626,0.7422,0.7401
io_traces.ns480.oracleGeneral.zst_2600000,0.7027,0.7034,0.6564,0.7028,0.7123,0.7459,0.7921,0.755,0.7274,0.7574,0.746,0.8491,0.7346,0.7044,0.7535,0.7366,0.7012,0.6994,0.7208,0.7068,0.7051
io_traces.ns296.oracleGeneral.zst_14600000,0.503,0.5039,0.4787,0.5037,0.5042,0.5333,0.586,0.5369,0.5207,0.5323,0.5333,0.7183,0.5233,0.506,0.5392,0.53,0.5047,0.505,0.5107,0.5096,0.5051
io_traces.ns287.oracleGeneral.zst_11000000,0.6058,0.6055,0.5544,0.6045,0.6092,0.6486,0.6728,0.6453,0.6334,0.6507,0.646,0.8662,0.6403,0.6116,0.6509,0.6474,0.6072,0.605,0.6237,0.6086,0.6256
io_traces.ns150.oracleGeneral.zst_4400000,0.561,0.5641,0.4818,0.5634,0.5642,0.5712,0.5833,0.5715,0.5645,0.5653,0.5727,0.7983,0.5658,0.5646,0.572,0.569,0.5629,0.5627,0.5691,0.5625,0.5582
io_traces.ns430.oracleGeneral.zst_15600000,0.2344,0.2311,0.1778,0.2319,0.2326,0.242,0.2997,0.2653,0.2416,0.2915,0.2736,0.8873,0.2377,0.2439,0.2487,0.237,0.2347,0.2349,0.236,0.2322,0.3306
io_traces.ns180.oracleGeneral.zst_3000000,0.4396,0.4395,0.4076,0.4395,0.4454,0.4567,0.521,0.4756,0.4532,0.4761,0.4654,0.6716,0.4577,0.4653,0.4587,0.4556,0.4401,0.4422,0.4497,0.4412,0.48
io_traces.ns133.oracleGeneral.zst_18800000,0.1139,0.1142,0.1066,0.1142,0.1145,0.1159,0.1225,0.1164,0.1142,0.1228,0.115,0.6479,0.1151,0.1159,0.1162,0.1152,0.1141,0.1142,0.1142,0.1149,0.118
io_traces.ns140.oracleGeneral.zst_2400000,0.8205,0.8215,0.7616,0.8212,0.8217,0.8309,0.8504,0.8267,0.823,0.8298,0.8279,0.8968,0.8295,0.8367,0.8334,0.8271,0.8215,0.823,0.8233,0.8221,0.8309
io_traces.ns130.oracleGeneral.zst_14400000,0.8194,0.8242,0.7357,0.8244,0.8248,0.8263,0.8262,0.8266,0.8243,0.8211,0.8263,0.9841,0.8172,0.8251,0.8257,0.8256,0.8231,0.7865,0.8162,0.7933,0.7749
io_traces.ns0.oracleGeneral.zst_13800000,0.4507,0.4531,0.389,0.4542,0.4506,0.4544,0.4574,0.4536,0.4534,0.4497,0.4527,0.8955,0.4463,0.4551,0.4545,0.4545,0.4526,0.4524,0.4538,0.4447,0.4639
io_traces.ns187.oracleGeneral.zst_14000000,0.8196,0.8238,0.7344,0.824,0.8244,0.8258,0.8258,0.8263,0.8239,0.8203,0.8259,0.9838,0.8171,0.8247,0.8253,0.8252,0.823,0.7864,0.8158,0.7943,0.7839
io_traces.ns750.oracleGeneral.zst_8400000,0.2784,0.2825,0.2009,0.2859,0.2941,0.3223,0.3595,0.341,0.3485,0.3294,0.3711,0.941,0.3115,0.2932,0.3263,0.3221,0.2696,0.2646,0.2959,0.2721,0.3331
io_traces.ns445.oracleGeneral.zst_16600000,0.5006,0.4945,0.4068,0.4952,0.5075,0.5344,0.5635,0.5365,0.5344,0.5603,0.5508,0.8907,0.5179,0.5034,0.5393,0.5358,0.5013,0.5039,0.513,0.5097,0.5579
io_traces.ns483.oracleGeneral.zst_18600000,0.2652,0.2637,0.1891,0.2645,0.2635,0.2667,0.313,0.2828,0.2817,0.3364,0.2813,0.9073,0.266,0.2798,0.2663,0.2663,0.2664,0.2674,0.2758,0.2676,0.3623
io_traces.ns330.oracleGeneral.zst_1600000,0.6842,0.6823,0.6556,0.6819,0.6921,0.7054,0.7845,0.7026,0.705,0.7418,0.705,0.7241,0.7059,0.6814,0.7061,0.7051,0.6824,0.6849,0.711,0.7034,0.6855
io_traces.ns466.oracleGeneral.zst_39200000,0.3749,0.3783,0.2543,0.3742,0.39,0.4015,0.415,0.4072,0.3994,0.3992,0.4047,0.5427,0.3747,0.3775,0.3996,0.3993,0.3787,0.3682,0.4046,0.3679,0.3588
io_traces.ns619.oracleGeneral.zst_2400000,0.4883,0.4887,0.4455,0.4886,0.4894,0.4907,0.5101,0.4926,0.4882,0.491,0.4903,0.7765,0.4909,0.5247,0.491,0.4907,0.4886,0.4875,0.4903,0.4876,0.5618
io_traces.ns261.oracleGeneral.zst_7800000,0.8729,0.8773,0.7973,0.8771,0.8779,0.8814,0.8832,0.8809,0.8799,0.8809,0.8804,0.9595,0.879,0.8784,0.8816,0.8812,0.8761,0.8751,0.8736,0.8771,0.8612
io_traces.ns540.oracleGeneral.zst_2000000,0.3929,0.3946,0.3508,0.3946,0.3953,0.4172,0.4969,0.435,0.4101,0.4342,0.4209,0.5993,0.4053,0.3944,0.4213,0.4174,0.3939,0.3942,0.4103,0.3963,0.3842
io_traces.ns498.oracleGeneral.zst_3200000,0.3864,0.3953,0.3655,0.3929,0.3993,0.419,0.4638,0.4194,0.3876,0.4204,0.415,0.5812,0.4162,0.424,0.4256,0.3966,0.3868,0.3869,0.3885,0.3872,0.4404
io_traces.ns692.oracleGeneral.zst_1400000,0.6991,0.6976,0.6406,0.6977,0.6977,0.7194,0.7903,0.7427,0.7047,0.7346,0.7128,0.9269,0.7131,0.7097,0.7278,0.7144,0.6998,0.6978,0.7101,0.6984,0.719
io_traces.ns396.oracleGeneral.zst_8200000,0.4102,0.42,0.3555,0.4198,0.453,0.4927,0.5293,0.4947,0.4778,0.4932,0.5099,0.8284,0.4695,0.4237,0.4984,0.4957,0.4071,0.4054,0.4278,0.4173,0.4718
io_traces.ns141.oracleGeneral.zst_351000000,0.4908,0.5195,0.3863,0.5068,0.5001,0.5121,0.5197,0.5226,0.4772,0.5778,0.5187,0.9076,0.4622,0.6262,0.5101,0.5092,0.4999,0.4987,0.5036,0.4524,0.7509
io_traces.ns195.oracleGeneral.zst_45800000,0.1587,0.1516,0.099,0.1537,0.1463,0.1469,0.1652,0.1766,0.2041,0.2409,0.205,0.9391,0.1418,0.1649,0.1446,0.144,0.1583,0.1629,0.1696,0.1575,0.2317
io_traces.ns7.oracleGeneral.zst_265600000,0.2989,0.3021,0.2621,0.3016,0.3025,0.3082,0.3319,0.3149,0.3024,0.3394,0.3121,0.5416,0.2961,0.3067,0.3097,0.3067,0.3016,0.3022,0.3093,0.2954,0.3117
io_traces.ns212.oracleGeneral.zst_3400000,0.8467,0.8511,0.7365,0.8509,0.8525,0.8543,0.8558,0.8535,0.853,0.8504,0.8531,0.9796,0.852,0.8505,0.8545,0.8539,0.8506,0.8495,0.8422,0.8512,0.8265
io_traces.ns387.oracleGeneral.zst_2400000,0.4868,0.4871,0.4421,0.487,0.4874,0.4888,0.5083,0.49,0.4864,0.489,0.4882,0.7878,0.4892,0.5233,0.4891,0.4888,0.4871,0.486,0.4886,0.4861,0.5551
io_traces.ns703.oracleGeneral.zst_2000000,0.4546,0.4509,0.3957,0.4505,0.4535,0.4699,0.5269,0.4811,0.465,0.4729,0.4699,0.7411,0.4681,0.4564,0.473,0.4698,0.4541,0.4538,0.4626,0.4531,0.4636
io_traces.ns646.oracleGeneral.zst_8800000,0.2512,0.2517,0.215,0.2509,0.2719,0.3146,0.3559,0.3192,0.3365,0.3253,0.3412,0.8881,0.3047,0.2552,0.3204,0.3158,0.244,0.2415,0.2653,0.259,0.2837
io_traces.ns337.oracleGeneral.zst_2600000,0.3966,0.3964,0.3813,0.3964,0.3982,0.3986,0.4219,0.4015,0.3996,0.4001,0.4034,0.7739,0.3994,0.429,0.3988,0.3987,0.3967,0.3983,0.402,0.3979,0.5796
io_traces.ns201.oracleGeneral.zst_14400000,0.8211,0.8256,0.7377,0.8259,0.8262,0.8277,0.8277,0.8281,0.8257,0.8223,0.8277,0.9844,0.8157,0.8266,0.8272,0.827,0.8247,0.7886,0.8178,0.7963,0.7773
io_traces.ns29.oracleGeneral.zst_11200000,0.9037,0.9054,0.8482,0.9049,0.9056,0.9083,0.9114,0.9078,0.9072,0.9079,0.9078,0.9375,0.9064,0.911,0.9086,0.9075,0.9047,0.9035,0.9048,0.9048,0.9081
io_traces.ns182.oracleGeneral.zst_4400000,0.3315,0.3366,0.2619,0.3363,0.3433,0.3494,0.399,0.3628,0.3625,0.3518,0.3628,0.8826,0.3495,0.3416,0.3497,0.3497,0.3317,0.3255,0.352,0.3268,0.3472
io_traces.ns269.oracleGeneral.zst_10400000,0.3762,0.6198,0.3624,0.6194,0.5897,0.6268,0.6338,0.5714,0.623,0.5369,0.6087,0.6904,0.5102,0.3906,0.6274,0.627,0.3845,0.3767,0.5062,0.409,0.381
io_traces.ns350.oracleGeneral.zst_3200000,0.5869,0.584,0.5624,0.5841,0.5838,0.5976,0.6528,0.5923,0.5875,0.6064,0.596,0.6433,0.592,0.5871,0.6004,0.5978,0.5883,0.5885,0.5962,0.5896,0.5953
io_traces.ns108.oracleGeneral.zst_3200000,0.5818,0.5845,0.5408,0.5841,0.5869,0.6016,0.6203,0.6053,0.5889,0.6086,0.601,0.7096,0.5981,0.5983,0.6053,0.6009,0.5832,0.5844,0.5952,0.5803,0.6093
io_traces.ns282.oracleGeneral.zst_15800000,0.6761,0.6815,0.6143,0.6802,0.6873,0.703,0.7132,0.7017,0.6933,0.7004,0.7009,0.8023,0.6935,0.6895,0.7041,0.7016,0.6777,0.6732,0.687,0.6778,0.7252
io_traces.ns640.oracleGeneral.zst_1800000,0.5795,0.5811,0.5482,0.5812,0.5872,0.59,0.6265,0.5894,0.5847,0.5996,0.5901,0.7114,0.5887,0.6119,0.5915,0.5889,0.5799,0.5786,0.5843,0.5788,0.6183
io_traces.ns241.oracleGeneral.zst_37400000,0.2104,0.2066,0.1316,0.209,0.2028,0.2052,0.2401,0.2302,0.2471,0.3339,0.2461,0.9154,0.203,0.2237,0.2032,0.2032,0.211,0.2141,0.2225,0.209,0.3086
io_traces.ns131.oracleGeneral.zst_44200000,0.1813,0.1868,0.1501,0.1855,0.1924,0.2037,0.2369,0.2295,0.203,0.2052,0.2388,0.7685,0.1828,0.1875,0.2033,0.2002,0.1829,0.183,0.208,0.1751,0.1796
io_traces.ns745.oracleGeneral.zst_14000000,0.9307,0.9523,0.8693,0.9523,0.9489,0.9617,0.9627,0.9605,0.9608,0.9517,0.961,0.953,0.9488,0.938,0.9618,0.9618,0.9489,0.9509,0.9429,0.9574,0.9186
io_traces.ns115.oracleGeneral.zst_37600000,0.2017,0.2054,0.166,0.2052,0.2058,0.2138,0.2239,0.2232,0.2134,0.2079,0.2283,0.8032,0.198,0.2059,0.2119,0.2109,0.2028,0.2039,0.2155,0.1977,0.2026
io_traces.ns76.oracleGeneral.zst_37800000,0.2003,0.2034,0.1671,0.2029,0.205,0.2148,0.2271,0.2252,0.2114,0.2096,0.2302,0.8001,0.1995,0.2047,0.213,0.2118,0.2013,0.2018,0.2147,0.1958,0.2071
io_traces.ns16.oracleGeneral.zst_14800000,0.825,0.8296,0.743,0.8299,0.8303,0.8317,0.8318,0.8322,0.8298,0.8267,0.8317,0.9862,0.8223,0.8306,0.8313,0.831,0.8285,0.7923,0.8213,0.8023,0.7813
io_traces.ns804.oracleGeneral.zst_295920923,0.8732,0.8399,0.718,0.8392,0.8466,0.8306,0.8514,0.8549,0.8365,0.8869,0.8386,0.9803,0.8293,0.8759,0.833,0.83,0.8739,0.8759,0.9642,0.879,0.9576
io_traces.ns311.oracleGeneral.zst_30200000,0.2197,0.2206,0.1609,0.2214,0.2255,0.2378,0.2997,0.2557,0.2454,0.3673,0.2688,0.768,0.2248,0.2275,0.2461,0.233,0.2184,0.2194,0.2204,0.2216,0.2653
io_traces.ns277.oracleGeneral.zst_593800000,0.8626,0.9399,0.7101,0.9407,0.9557,0.9741,0.9779,0.9263,0.9238,0.9664,0.9713,0.9452,0.7331,0.9379,0.9752,0.9729,0.9354,0.9376,0.9388,0.9431,0.7643
io_traces.ns774.oracleGeneral.zst_1200000,0.637,0.6368,0.6218,0.6367,0.6373,0.6537,0.6849,0.6445,0.6395,0.6567,0.6545,0.8185,0.652,0.6806,0.6554,0.6517,0.637,0.6375,0.6419,0.636,0.7102
io_traces.ns344.oracleGeneral.zst_2400000,0.3469,0.348,0.2907,0.3483,0.3502,0.3622,0.3767,0.3634,0.3581,0.3709,0.3641,0.5837,0.3562,0.3642,0.3629,0.3614,0.3483,0.3478,0.3678,0.3535,0.3808
io_traces.ns463.oracleGeneral.zst_3800000,0.3735,0.375,0.3401,0.3749,0.374,0.3804,0.4202,0.3896,0.376,0.4007,0.3794,0.7974,0.378,0.3821,0.382,0.3792,0.375,0.3716,0.3776,0.3744,0.3686
io_traces.ns47.oracleGeneral.zst_14200000,0.8187,0.8235,0.7345,0.8238,0.824,0.8255,0.8255,0.8258,0.8235,0.8193,0.8255,0.9868,0.8145,0.8245,0.825,0.8247,0.8224,0.7863,0.816,0.7938,0.7749
io_traces.ns48.oracleGeneral.zst_36200000,0.2096,0.2114,0.1772,0.2114,0.2116,0.224,0.2304,0.227,0.2213,0.2175,0.2292,0.8131,0.2094,0.213,0.2227,0.2206,0.2103,0.211,0.2234,0.2058,0.2141
io_traces.ns602.oracleGeneral.zst_1600000,0.68,0.6828,0.6429,0.6821,0.6841,0.6924,0.7532,0.7115,0.6829,0.702,0.6911,0.8793,0.6907,0.7154,0.6936,0.6899,0.6804,0.6778,0.6902,0.6792,0.7163
io_traces.ns273.oracleGeneral.zst_11800000,0.4431,0.4484,0.314,0.4482,0.4922,0.53,0.5581,0.5041,0.5107,0.5263,0.5411,0.8756,0.4858,0.4491,0.5356,0.5342,0.4445,0.4522,0.476,0.4833,0.5771
io_traces.ns663.oracleGeneral.zst_22200000,0.2208,0.2201,0.1559,0.2194,0.2193,0.2228,0.2676,0.2407,0.2367,0.2548,0.2352,0.9312,0.2218,0.2295,0.2232,0.223,0.2214,0.2211,0.2278,0.2194,0.3136
io_traces.ns578.oracleGeneral.zst_9800000,0.3794,0.3775,0.2964,0.3784,0.3961,0.4366,0.4718,0.4306,0.4153,0.4343,0.4559,0.8525,0.4118,0.3872,0.4437,0.4292,0.3782,0.3867,0.3818,0.3905,0.4176
io_traces.ns794.oracleGeneral.zst_1400000,0.2685,0.2675,0.252,0.2679,0.2673,0.2751,0.3088,0.2782,0.274,0.2738,0.2764,0.6354,0.272,0.2797,0.2756,0.2752,0.2684,0.2703,0.2756,0.274,0.3196
io_traces.ns712.oracleGeneral.zst_2400000,0.4784,0.4787,0.4364,0.4786,0.4796,0.4807,0.5012,0.4814,0.478,0.4812,0.4802,0.7715,0.4811,0.514,0.481,0.4807,0.4784,0.4777,0.4802,0.4785,0.571
io_traces.ns459.oracleGeneral.zst_2200000,0.4592,0.4595,0.4254,0.4594,0.4594,0.4633,0.4839,0.4634,0.4608,0.4617,0.4625,0.7115,0.4636,0.4826,0.4635,0.4632,0.4597,0.4601,0.4643,0.458,0.4921
io_traces.ns66.oracleGeneral.zst_39200000,0.1977,0.2016,0.1654,0.2009,0.2044,0.2121,0.2319,0.2291,0.2128,0.2083,0.2394,0.7904,0.1975,0.2028,0.2114,0.2104,0.1989,0.1991,0.2158,0.1931,0.2001
io_traces.ns240.oracleGeneral.zst_7800000,0.3013,0.3109,0.2547,0.3075,0.3281,0.3433,0.3869,0.3501,0.3598,0.3609,0.3581,0.8236,0.3392,0.3192,0.3453,0.345,0.2982,0.2869,0.3152,0.2983,0.4081
io_traces.ns342.oracleGeneral.zst_3000000,0.5228,0.5255,0.4604,0.5249,0.5255,0.5372,0.5884,0.5502,0.5291,0.5765,0.5376,0.7568,0.5345,0.5514,0.5397,0.5337,0.524,0.5232,0.5351,0.5231,0.5441
io_traces.ns196.oracleGeneral.zst_8000000,0.4878,0.4888,0.3984,0.4873,0.497,0.5054,0.5374,0.5048,0.4986,0.5029,0.5023,0.6666,0.5115,0.5084,0.5065,0.5039,0.4888,0.4848,0.4952,0.4871,0.4926
io_traces.ns55.oracleGeneral.zst_4400000,0.4725,0.4763,0.4232,0.4764,0.469,0.4926,0.5232,0.4916,0.4858,0.4958,0.4906,0.6233,0.482,0.4776,0.4953,0.4909,0.474,0.4737,0.4791,0.4752,0.4914
io_traces.ns622.oracleGeneral.zst_1600000,0.4082,0.4101,0.3944,0.4104,0.4089,0.4141,0.4419,0.4136,0.4104,0.4148,0.4127,0.6511,0.414,0.4407,0.4144,0.4143,0.4092,0.4142,0.414,0.4132,0.4701
io_traces.ns555.oracleGeneral.zst_4000000,0.5412,0.5416,0.4524,0.5415,0.5415,0.5427,0.5485,0.5434,0.5416,0.541,0.5424,0.8576,0.54,0.5431,0.5428,0.5425,0.5413,0.5414,0.5418,0.5411,0.5288
io_traces.ns157.oracleGeneral.zst_37400000,0.2045,0.208,0.1704,0.208,0.2083,0.2192,0.2277,0.2259,0.2187,0.2144,0.2301,0.8097,0.2023,0.2084,0.2169,0.215,0.2054,0.206,0.2181,0.2003,0.2067
io_traces.ns170.oracleGeneral.zst_16000000,0.864,0.8701,0.7418,0.8698,0.8782,0.9237,0.9414,0.9097,0.9154,0.9231,0.9218,0.9527,0.8974,0.8729,0.9266,0.9226,0.8688,0.8649,0.9001,0.8739,0.8498
io_traces.ns294.oracleGeneral.zst_6200000,0.2902,0.3052,0.2636,0.3025,0.3223,0.3407,0.3634,0.3426,0.3498,0.3375,0.3512,0.841,0.3263,0.3092,0.342,0.3419,0.2909,0.2825,0.3099,0.2873,0.356
io_traces.ns81.oracleGeneral.zst_8000000,0.4878,0.4906,0.4257,0.4904,0.488,0.5057,0.5143,0.5034,0.5024,0.5087,0.5068,0.6575,0.5017,0.4969,0.5069,0.506,0.4894,0.492,0.5015,0.4932,0.5102
io_traces.ns482.oracleGeneral.zst_7400000,0.5251,0.5517,0.4285,0.5493,0.5336,0.5516,0.5876,0.5543,0.5279,0.6101,0.5495,0.7786,0.5475,0.5856,0.5588,0.5428,0.5235,0.5258,0.5206,0.5257,0.5828
io_traces.ns322.oracleGeneral.zst_3600000,0.5353,0.5359,0.5099,0.5361,0.5362,0.5528,0.5771,0.5536,0.5366,0.544,0.551,0.5985,0.5533,0.5404,0.5565,0.5485,0.5365,0.5292,0.534,0.5295,0.5459
io_traces.ns825.oracleGeneral.zst_2800000,0.749,0.7496,0.7327,0.7495,0.7496,0.7501,0.7537,0.7508,0.749,0.751,0.7499,0.8653,0.7506,0.7583,0.7504,0.7502,0.7491,0.7476,0.7521,0.7463,0.7704
io_traces.ns44.oracleGeneral.zst_3200000,0.5743,0.5754,0.5252,0.5752,0.5757,0.59,0.604,0.5925,0.5786,0.5889,0.5896,0.7332,0.5877,0.5916,0.5915,0.5888,0.5757,0.5772,0.5879,0.5727,0.6004
io_traces.ns127.oracleGeneral.zst_3800000,0.4604,0.4601,0.4189,0.46,0.4598,0.4656,0.4959,0.4668,0.4623,0.4659,0.464,0.7032,0.4656,0.4771,0.4661,0.465,0.4609,0.4611,0.462,0.4517,0.4894
io_traces.ns687.oracleGeneral.zst_5200000,0.643,0.6342,0.548,0.635,0.642,0.6761,0.7229,0.6882,0.6712,0.7158,0.6792,0.9054,0.6643,0.64,0.6842,0.6742,0.6426,0.6445,0.6725,0.6485,0.7543
io_traces.ns724.oracleGeneral.zst_4000000,0.8123,0.8178,0.7305,0.818,0.8173,0.8187,0.825,0.8187,0.8175,0.8175,0.8178,0.8596,0.8171,0.8194,0.8194,0.8176,0.8173,0.8168,0.8133,0.8174,0.8142
io_traces.ns433.oracleGeneral.zst_5400000,0.296,0.3017,0.2332,0.3029,0.3063,0.319,0.3641,0.3262,0.325,0.3234,0.3278,0.7383,0.3149,0.3088,0.3195,0.3194,0.2958,0.2922,0.3098,0.2929,0.3202
io_traces.ns397.oracleGeneral.zst_4400000,0.4419,0.4407,0.3947,0.4404,0.4435,0.4542,0.5343,0.4779,0.4552,0.466,0.4577,0.7606,0.4526,0.4429,0.4568,0.4544,0.4398,0.4384,0.4517,0.4392,0.4508
io_traces.ns449.oracleGeneral.zst_3800000,0.5047,0.5059,0.4639,0.5057,0.5059,0.5205,0.5828,0.53,0.5076,0.5739,0.5191,0.6531,0.5136,0.5142,0.5244,0.5146,0.5053,0.5041,0.5147,0.5049,0.5059
io_traces.ns373.oracleGeneral.zst_9800000,0.1176,0.1165,0.097,0.1167,0.1168,0.1261,0.1527,0.131,0.1208,0.1351,0.1289,0.1846,0.1256,0.1177,0.1311,0.1216,0.1181,0.1183,0.1287,0.1194,0.1172
io_traces.ns326.oracleGeneral.zst_10200000,0.1121,0.1115,0.0874,0.1116,0.1233,0.1298,0.1573,0.1285,0.123,0.1316,0.1286,0.1888,0.1439,0.1144,0.1302,0.1271,0.1106,0.1097,0.1162,0.1123,0.1197
io_traces.ns341.oracleGeneral.zst_1800000,0.2585,0.2603,0.2337,0.2602,0.2628,0.2624,0.2966,0.2653,0.2581,0.3563,0.2623,0.4958,0.2657,0.3109,0.2628,0.2623,0.2592,0.2576,0.2598,0.2575,0.3156
io_traces.ns408.oracleGeneral.zst_10400000,0.345,0.3463,0.3112,0.3471,0.3792,0.4108,0.4538,0.4139,0.4195,0.4387,0.424,0.8157,0.3918,0.3476,0.4154,0.4148,0.3405,0.339,0.3623,0.3524,0.3716
io_traces.ns454.oracleGeneral.zst_1400000,0.7114,0.7107,0.6515,0.7107,0.7115,0.7349,0.8015,0.7569,0.7183,0.7512,0.7287,0.9273,0.7285,0.7208,0.7432,0.7291,0.7118,0.7094,0.722,0.7102,0.7311
io_traces.ns585.oracleGeneral.zst_2200000,0.3735,0.376,0.3339,0.3761,0.3754,0.3948,0.4789,0.4203,0.393,0.429,0.4046,0.5354,0.3833,0.3752,0.4007,0.3949,0.3744,0.375,0.3887,0.377,0.3637
io_traces.ns51.oracleGeneral.zst_1200000,0.9397,0.9426,0.8661,0.9426,0.9433,0.9426,0.943,0.9425,0.9426,0.9393,0.9426,0.9987,0.9425,0.9495,0.9426,0.9426,0.9428,0.9437,0.9411,0.9448,0.9333
io_traces.ns135.oracleGeneral.zst_36800000,0.183,0.1833,0.1506,0.1833,0.1833,0.1836,0.1878,0.1845,0.1836,0.1822,0.1838,0.8017,0.1774,0.1849,0.1836,0.1836,0.1831,0.1833,0.1838,0.1832,0.191
io_traces.ns351.oracleGeneral.zst_3200000,0.7249,0.7073,0.6401,0.7059,0.7045,0.7409,0.7813,0.7557,0.7447,0.8268,0.74,0.9258,0.724,0.7129,0.7467,0.734,0.7046,0.706,0.7381,0.724,0.7349
io_traces.ns28.oracleGeneral.zst_14400000,0.8203,0.8246,0.737,0.825,0.8252,0.8267,0.8267,0.8272,0.8248,0.8225,0.8268,0.9837,0.8153,0.8256,0.8262,0.8259,0.8238,0.7879,0.8167,0.7966,0.7871
io_traces.ns120.oracleGeneral.zst_2800000,0.6934,0.6965,0.6253,0.6972,0.6966,0.7436,0.8027,0.7444,0.7252,0.762,0.7446,0.8654,0.717,0.7004,0.7529,0.7387,0.6995,0.7002,0.7605,0.703,0.7302
io_traces.ns479.oracleGeneral.zst_2400000,0.3778,0.3789,0.3397,0.3773,0.3835,0.409,0.4519,0.4158,0.3908,0.4286,0.4091,0.5323,0.3884,0.3783,0.4156,0.3952,0.3777,0.3777,0.3867,0.3828,0.3809
io_traces.ns770.oracleGeneral.zst_3600000,0.2745,0.2766,0.2455,0.2771,0.2782,0.2911,0.3264,0.2999,0.2801,0.295,0.2933,0.5249,0.2837,0.287,0.2935,0.2869,0.2754,0.2753,0.2847,0.2731,0.2998
io_traces.ns751.oracleGeneral.zst_14400000,0.9272,0.9506,0.8694,0.9506,0.9482,0.9621,0.9631,0.9609,0.9611,0.9527,0.9615,0.9538,0.9503,0.932,0.9622,0.9622,0.948,0.9478,0.9402,0.9547,0.916
io_traces.ns244.oracleGeneral.zst_4600000,0.391,0.3927,0.3344,0.3987,0.3909,0.4021,0.4141,0.4018,0.4007,0.3944,0.4012,0.7748,0.3925,0.3969,0.4024,0.4023,0.3915,0.3931,0.3962,0.3922,0.4016
io_traces.ns292.oracleGeneral.zst_1200000,0.7769,0.7824,0.7377,0.7825,0.7794,0.9217,0.941,0.8957,0.8489,0.9626,0.9196,0.932,0.7922,0.7821,0.929,0.808,0.7822,0.7827,0.868,0.7872,0.7828
io_traces.ns231.oracleGeneral.zst_14400000,0.8207,0.8251,0.7381,0.8253,0.8256,0.827,0.8271,0.8274,0.825,0.8209,0.8271,0.9824,0.8172,0.8261,0.8266,0.8265,0.8241,0.7886,0.8175,0.7975,0.7777
io_traces.ns389.oracleGeneral.zst_2400000,0.482,0.482,0.4421,0.4819,0.4825,0.484,0.5035,0.4857,0.4817,0.4843,0.4836,0.7872,0.4845,0.5175,0.4843,0.484,0.482,0.4814,0.4837,0.4813,0.5786
io_traces.ns716.oracleGeneral.zst_15600000,0.2623,0.2586,0.2299,0.2595,0.2595,0.27,0.2815,0.2696,0.2687,0.2727,0.2698,0.5579,0.2646,0.2611,0.2714,0.2686,0.2601,0.2645,0.2641,0.2676,0.2854
io_traces.ns343.oracleGeneral.zst_2400000,0.4765,0.4762,0.4306,0.4762,0.4761,0.4785,0.4957,0.4794,0.4764,0.4811,0.4779,0.8023,0.4788,0.5051,0.4788,0.4783,0.4768,0.4756,0.4782,0.4746,0.5251
io_traces.ns717.oracleGeneral.zst_3600000,0.651,0.6516,0.557,0.6515,0.6512,0.6575,0.6643,0.653,0.6552,0.6543,0.6556,0.9001,0.6532,0.6604,0.6585,0.6527,0.6512,0.6549,0.6511,0.6559,0.6751
io_traces.ns258.oracleGeneral.zst_2400000,0.4824,0.4823,0.4391,0.4823,0.4824,0.4845,0.503,0.4851,0.4822,0.4847,0.4841,0.8066,0.4849,0.5111,0.4848,0.4843,0.4827,0.4816,0.4844,0.4809,0.5357
io_traces.ns658.oracleGeneral.zst_2600000,0.7002,0.7013,0.6528,0.7006,0.7093,0.7418,0.7886,0.7478,0.7246,0.7525,0.7405,0.8461,0.7322,0.7022,0.7493,0.7328,0.6988,0.6965,0.7183,0.7044,0.7023
io_traces.ns332.oracleGeneral.zst_28000000,0.22,0.2215,0.1679,0.2221,0.2312,0.2474,0.3112,0.2639,0.2559,0.338,0.2857,0.764,0.2282,0.2275,0.2576,0.2386,0.2186,0.2199,0.2211,0.2224,0.2634
io_traces.ns792.oracleGeneral.zst_6800000,0.9789,0.9834,0.9371,0.9834,0.9821,0.9856,0.9858,0.9852,0.9851,0.9849,0.9853,0.9834,0.9817,0.983,0.9856,0.9856,0.9804,0.9809,0.9835,0.9833,0.9757
io_traces.ns276.oracleGeneral.zst_51600000,0.3196,0.2954,0.2361,0.2886,0.2832,0.2798,0.2899,0.3289,0.3294,0.3782,0.3385,0.9682,0.2784,0.3873,0.2758,0.2763,0.3217,0.3341,0.3326,0.3223,0.5094
io_traces.ns695.oracleGeneral.zst_2600000,0.4848,0.4825,0.4428,0.4826,0.4826,0.4883,0.5307,0.4941,0.4863,0.5207,0.4884,0.8662,0.4885,0.5204,0.4887,0.4883,0.4853,0.4903,0.4873,0.4882,0.5985
io_traces.ns372.oracleGeneral.zst_18400000,0.5854,0.589,0.4868,0.5874,0.5923,0.6258,0.6456,0.6218,0.605,0.6115,0.6258,0.8138,0.5918,0.6008,0.6287,0.6011,0.5867,0.5864,0.59,0.5839,0.5983
io_traces.ns189.oracleGeneral.zst_14000000,0.3036,0.3029,0.2469,0.3029,0.3032,0.3131,0.3623,0.3259,0.3083,0.3574,0.323,0.8346,0.3093,0.326,0.3191,0.3079,0.3044,0.3021,0.3069,0.304,0.4576
io_traces.ns537.oracleGeneral.zst_2200000,0.4892,0.4896,0.4449,0.4896,0.4925,0.4924,0.5118,0.4941,0.4896,0.4926,0.4915,0.7872,0.4928,0.5252,0.4926,0.4924,0.4893,0.4884,0.492,0.4888,0.562
io_traces.ns290.oracleGeneral.zst_7800000,0.3042,0.3139,0.258,0.3103,0.3315,0.3471,0.3903,0.3544,0.3634,0.397,0.3618,0.8287,0.3491,0.3223,0.3491,0.3488,0.3009,0.2895,0.318,0.3012,0.3294
io_traces.ns265.oracleGeneral.zst_11800000,0.6268,0.6319,0.4922,0.6316,0.6428,0.6691,0.6901,0.6651,0.6688,0.6862,0.6691,0.9281,0.6586,0.6389,0.6698,0.6698,0.6286,0.6305,0.6364,0.6325,0.6436
io_traces.ns336.oracleGeneral.zst_57600000,0.103,0.103,0.079,0.1031,0.1029,0.1047,0.1243,0.1124,0.1086,0.1224,0.1242,0.7904,0.1024,0.1036,0.1052,0.1036,0.1027,0.1029,0.103,0.1031,0.1387
io_traces.ns31.oracleGeneral.zst_3800000,0.3238,0.3222,0.3006,0.3222,0.3227,0.3307,0.3898,0.3422,0.3258,0.3349,0.33,0.4584,0.3284,0.3356,0.3325,0.3281,0.324,0.3245,0.3356,0.3247,0.3465
io_traces.ns229.oracleGeneral.zst_2400000,0.4841,0.484,0.4375,0.4841,0.4841,0.4865,0.5045,0.4877,0.4838,0.4866,0.4858,0.7694,0.4867,0.5131,0.4867,0.4863,0.4844,0.4834,0.4856,0.4827,0.5342
io_traces.ns722.oracleGeneral.zst_3000000,0.4973,0.4969,0.4453,0.4971,0.4974,0.5021,0.5177,0.5057,0.4981,0.5137,0.5025,0.8235,0.5008,0.5165,0.5028,0.502,0.4975,0.4995,0.4997,0.4963,0.6203
io_traces.ns226.oracleGeneral.zst_20600000,0.2448,0.2413,0.1736,0.243,0.2552,0.2688,0.3188,0.2806,0.2721,0.3055,0.2946,0.9174,0.2516,0.2495,0.2741,0.2649,0.2451,0.2438,0.265,0.2529,0.315
io_traces.ns604.oracleGeneral.zst_1200000,0.5373,0.5383,0.5095,0.538,0.5378,0.5529,0.6307,0.5834,0.5481,0.5973,0.552,0.7395,0.5501,0.5404,0.5563,0.5501,0.5378,0.5388,0.5436,0.5412,0.55
io_traces.ns220.oracleGeneral.zst_7400000,0.9568,0.9616,0.9107,0.9616,0.9631,0.9677,0.9681,0.9674,0.9675,0.967,0.9675,0.9704,0.9653,0.9568,0.9678,0.9674,0.961,0.9624,0.9596,0.9672,0.9529
io_traces.ns151.oracleGeneral.zst_2400000,0.4884,0.4884,0.44,0.4884,0.4888,0.4906,0.5091,0.4922,0.4884,0.491,0.49,0.7724,0.491,0.5181,0.491,0.4906,0.4887,0.4876,0.4902,0.4871,0.5403
io_traces.ns494.oracleGeneral.zst_1400000,0.4838,0.4866,0.4646,0.4867,0.4925,0.4916,0.535,0.4929,0.4871,0.5073,0.4933,0.6746,0.4916,0.5253,0.4924,0.4912,0.4845,0.4834,0.4906,0.4842,0.5354
io_traces.ns711.oracleGeneral.zst_2600000,0.7024,0.703,0.655,0.7024,0.712,0.7443,0.7906,0.7529,0.7262,0.7525,0.7437,0.8471,0.7339,0.704,0.7519,0.7363,0.7006,0.6991,0.7184,0.7068,0.7042
io_traces.ns507.oracleGeneral.zst_38800000,0.3121,0.3247,0.2373,0.3245,0.3248,0.3289,0.3443,0.3275,0.3252,0.3051,0.3215,0.3826,0.3015,0.3242,0.3299,0.3271,0.3222,0.3183,0.326,0.3119,0.284
io_traces.ns340.oracleGeneral.zst_5000000,0.4173,0.417,0.3315,0.4127,0.441,0.4678,0.5044,0.4752,0.4734,0.4868,0.4892,0.8554,0.456,0.4202,0.471,0.4707,0.4073,0.3985,0.4279,0.4182,0.622
io_traces.ns200.oracleGeneral.zst_14400000,0.8219,0.8264,0.7391,0.8266,0.827,0.8284,0.8284,0.8289,0.8264,0.8219,0.8285,0.9811,0.8182,0.8274,0.8279,0.8278,0.8255,0.7895,0.8187,0.7969,0.7852
io_traces.ns327.oracleGeneral.zst_22400000,0.2193,0.2184,0.1543,0.2179,0.221,0.2212,0.2647,0.2387,0.2357,0.2805,0.2342,0.9294,0.2189,0.2279,0.2213,0.2211,0.2198,0.2195,0.2267,0.2179,0.3106
io_traces.ns639.oracleGeneral.zst_1200000,0.5727,0.5713,0.5298,0.5709,0.5715,0.5869,0.6539,0.6021,0.5786,0.5996,0.5862,0.8734,0.5857,0.5864,0.591,0.5857,0.5732,0.5727,0.5921,0.5752,0.6059
io_traces.ns721.oracleGeneral.zst_44400000,0.7497,0.7654,0.6959,0.7641,0.7779,0.8247,0.8368,0.8163,0.7912,0.8162,0.8216,0.8128,0.7774,0.7651,0.8272,0.8236,0.7588,0.7687,0.7629,0.7752,0.7442
io_traces.ns649.oracleGeneral.zst_2400000,0.4767,0.4767,0.4368,0.4766,0.4784,0.4796,0.502,0.4809,0.4766,0.4807,0.4801,0.7727,0.4801,0.5122,0.4799,0.4796,0.4764,0.4759,0.4798,0.4781,0.5529
io_traces.ns10.oracleGeneral.zst_2756600000,0.9836,0.9832,0.8875,0.9832,0.9868,0.9994,0.9994,0.9984,0.9974,0.9841,0.9993,0.999,0.9743,0.9831,0.9994,0.9994,0.984,0.9841,0.9939,0.9894,0.9736
io_traces.ns771.oracleGeneral.zst_3600000,0.7078,0.7093,0.6904,0.7088,0.7092,0.7089,0.7136,0.7105,0.7079,0.711,0.7092,0.8905,0.7087,0.7158,0.7087,0.7083,0.7084,0.7058,0.7113,0.705,0.727
io_traces.ns137.oracleGeneral.zst_25400000,0.7774,0.1022,0.0774,0.1046,0.0871,0.0896,0.2807,0.1579,0.4127,0.4359,0.1041,0.9937,0.113,0.0988,0.0827,0.0835,0.1128,0.1159,0.9734,0.7733,0.4927
io_traces.ns517.oracleGeneral.zst_1800000,0.5391,0.5316,0.4791,0.5322,0.5341,0.5617,0.6295,0.5836,0.5512,0.5701,0.5643,0.9003,0.5543,0.5486,0.5646,0.5589,0.5379,0.5434,0.5595,0.5433,0.6144
io_traces.ns525.oracleGeneral.zst_2400000,0.4855,0.486,0.44,0.486,0.487,0.4883,0.5083,0.4902,0.4857,0.4887,0.4877,0.7923,0.4887,0.5214,0.4886,0.4883,0.4856,0.4846,0.4875,0.4854,0.5762
io_traces.ns395.oracleGeneral.zst_11800000,0.443,0.4491,0.3132,0.4493,0.4917,0.5295,0.5575,0.5031,0.5102,0.5188,0.5407,0.8737,0.4865,0.4498,0.5353,0.5335,0.4447,0.4528,0.4768,0.4832,0.5749
io_traces.ns386.oracleGeneral.zst_2200000,0.4888,0.4889,0.4458,0.4889,0.4899,0.4906,0.5124,0.4923,0.4881,0.4918,0.491,0.802,0.4911,0.5246,0.491,0.4907,0.4886,0.4878,0.4907,0.4896,0.5649
io_traces.ns198.oracleGeneral.zst_18800000,0.1134,0.1137,0.1062,0.1136,0.114,0.1154,0.1218,0.1159,0.1136,0.1176,0.1145,0.6111,0.1142,0.1153,0.1157,0.1144,0.1135,0.1136,0.1137,0.1144,0.1175
io_traces.ns136.oracleGeneral.zst_14800000,0.8269,0.8316,0.7448,0.8319,0.8324,0.8337,0.8338,0.8341,0.8318,0.8274,0.8337,0.9855,0.826,0.8326,0.8333,0.8332,0.8304,0.7956,0.8237,0.8039,0.7829
io_traces.ns310.oracleGeneral.zst_10400000,0.319,0.318,0.2654,0.3189,0.3315,0.3648,0.448,0.3832,0.3578,0.4676,0.3991,0.9049,0.3484,0.3247,0.3842,0.3379,0.3182,0.3185,0.3229,0.3216,0.3804
io_traces.ns468.oracleGeneral.zst_2000000,0.8889,0.8744,0.8143,0.8743,0.8767,0.8763,0.885,0.8812,0.8728,0.8763,0.8759,0.9269,0.8756,0.8904,0.8777,0.875,0.8889,0.8874,0.8813,0.8847,0.8864
io_traces.ns417.oracleGeneral.zst_2800000,0.5866,0.5838,0.5187,0.5847,0.5871,0.6018,0.6655,0.619,0.5988,0.6146,0.6032,0.8949,0.6004,0.5938,0.6047,0.6019,0.5863,0.5877,0.6043,0.5865,0.6264
io_traces.ns210.oracleGeneral.zst_11600000,0.4173,0.4274,0.3093,0.4322,0.4339,0.4599,0.4776,0.4529,0.4879,0.4857,0.5051,0.8757,0.43,0.4199,0.4655,0.4598,0.4207,0.4218,0.4817,0.4373,0.4941
io_traces.ns98.oracleGeneral.zst_2400000,0.316,0.3194,0.2659,0.3173,0.3206,0.3284,0.3762,0.3449,0.3191,0.4662,0.3282,0.5201,0.3317,0.3418,0.3314,0.3266,0.3167,0.3117,0.3258,0.3094,0.369
io_traces.ns473.oracleGeneral.zst_2200000,0.4893,0.4896,0.4459,0.4895,0.4904,0.4915,0.5114,0.4927,0.4892,0.4928,0.4909,0.7939,0.4919,0.5251,0.4918,0.4915,0.4893,0.4883,0.4912,0.4889,0.5613
io_traces.ns174.oracleGeneral.zst_40000000,0.1937,0.1978,0.1623,0.197,0.201,0.2094,0.2313,0.2275,0.2104,0.2049,0.2405,0.7858,0.1932,0.1988,0.2088,0.2078,0.1949,0.1951,0.2141,0.1892,0.1961
io_traces.ns248.oracleGeneral.zst_14200000,0.8198,0.8242,0.7358,0.8245,0.8247,0.8262,0.8263,0.8266,0.8242,0.8196,0.8263,0.9831,0.8178,0.8252,0.8257,0.8257,0.8233,0.7881,0.8164,0.7956,0.7762
io_traces.ns595.oracleGeneral.zst_2600000,0.7004,0.7016,0.6528,0.7011,0.7081,0.7428,0.7901,0.7511,0.7259,0.7533,0.7425,0.8479,0.7321,0.7028,0.751,0.7333,0.6988,0.6967,0.7173,0.7054,0.7017
io_traces.ns550.oracleGeneral.zst_1600000,0.7368,0.7361,0.6674,0.7359,0.7405,0.7676,0.8256,0.7842,0.7451,0.7843,0.7619,0.9429,0.7577,0.7438,0.7759,0.7592,0.7356,0.7315,0.7473,0.7346,0.7516
io_traces.ns785.oracleGeneral.zst_4200000,0.396,0.3865,0.3483,0.3859,0.3874,0.4128,0.4751,0.4232,0.3931,0.4687,0.4111,0.6807,0.3989,0.4105,0.4225,0.4042,0.3964,0.3996,0.3935,0.3941,0.4381
io_traces.ns284.oracleGeneral.zst_1200000,0.5972,0.5975,0.576,0.5977,0.5969,0.6027,0.6099,0.598,0.5985,0.6065,0.6013,0.6161,0.6055,0.6015,0.6044,0.603,0.5981,0.5878,0.5916,0.5883,0.6001
io_traces.ns184.oracleGeneral.zst_1400000,0.7856,0.7929,0.7496,0.7929,0.7933,0.797,0.8025,0.797,0.7965,0.7948,0.7966,0.8473,0.7971,0.7873,0.7972,0.7967,0.7929,0.7939,0.7874,0.796,0.7955
io_traces.ns556.oracleGeneral.zst_22400000,0.219,0.2177,0.154,0.2176,0.2176,0.221,0.2642,0.2384,0.2357,0.2651,0.2341,0.9332,0.2196,0.2272,0.221,0.2208,0.2196,0.2194,0.2266,0.2178,0.3105
io_traces.ns519.oracleGeneral.zst_1800000,0.6199,0.6312,0.5761,0.6314,0.6235,0.7601,0.8047,0.7609,0.6803,0.7934,0.7594,0.7812,0.6363,0.6294,0.7795,0.6749,0.629,0.6298,0.6998,0.635,0.6274
io_traces.ns316.oracleGeneral.zst_12600000,0.9685,0.9748,0.9511,0.9748,0.9757,0.9809,0.9825,0.9804,0.9804,0.9762,0.9807,0.9802,0.9761,0.9699,0.981,0.981,0.9748,0.9774,0.9715,0.9805,0.9715
io_traces.ns67.oracleGeneral.zst_14600000,0.822,0.8265,0.739,0.8267,0.8271,0.8286,0.8286,0.829,0.8265,0.8238,0.8286,0.9834,0.8198,0.8275,0.8281,0.828,0.8255,0.7896,0.8188,0.7978,0.7787
io_traces.ns783.oracleGeneral.zst_3800000,0.7862,0.7868,0.7287,0.7867,0.7947,0.8106,0.8212,0.8051,0.8012,0.8124,0.806,0.9823,0.8086,0.791,0.8145,0.7956,0.7856,0.7885,0.7905,0.8014,0.8314
io_traces.ns225.oracleGeneral.zst_804000000,0.6987,0.6728,0.5456,0.6691,0.6696,0.6796,0.6884,0.7022,0.6491,0.7758,0.688,0.9217,0.6447,0.7745,0.6797,0.6784,0.7021,0.7082,0.6767,0.6584,0.8053
io_traces.ns544.oracleGeneral.zst_2400000,0.4874,0.4875,0.4402,0.4874,0.4881,0.4893,0.5084,0.4908,0.487,0.4885,0.4887,0.8006,0.4897,0.5235,0.4896,0.4893,0.4875,0.4863,0.4889,0.4864,0.558
io_traces.ns69.oracleGeneral.zst_22400000,0.2169,0.2154,0.1517,0.2158,0.2155,0.2188,0.2602,0.2357,0.2344,0.2787,0.2329,0.931,0.2168,0.2245,0.2186,0.2184,0.2174,0.217,0.2249,0.2158,0.4512
io_traces.ns209.oracleGeneral.zst_3800000,0.8515,0.8628,0.7778,0.8626,0.8616,0.8666,0.8694,0.866,0.8642,0.8643,0.8648,0.8976,0.8654,0.8581,0.8668,0.8664,0.8557,0.8526,0.8555,0.8586,0.8482
io_traces.ns726.oracleGeneral.zst_5000000,0.8662,0.8837,0.7864,0.8832,0.8858,0.8926,0.8939,0.8908,0.8911,0.8872,0.891,0.9013,0.8884,0.8677,0.8927,0.8923,0.8827,0.8902,0.8737,0.8917,0.8545
io_traces.ns272.oracleGeneral.zst_9200000,0.4986,0.4955,0.4506,0.4971,0.4995,0.5128,0.5412,0.5153,0.504,0.5168,0.511,0.8134,0.51,0.4994,0.5155,0.5098,0.4971,0.4975,0.5012,0.4969,0.5313
io_traces.ns4.oracleGeneral.zst_1576000000,0.0444,0.0773,0.0322,0.0779,0.0787,0.0789,0.0802,0.0717,0.0697,0.0587,0.0784,0.3777,0.0517,0.0792,0.0787,0.0788,0.0609,0.0553,0.079,0.0432,0.0379
io_traces.ns634.oracleGeneral.zst_2600000,0.6988,0.6996,0.653,0.6987,0.7085,0.7413,0.7881,0.7497,0.7241,0.7512,0.7409,0.8593,0.7309,0.7007,0.7488,0.7323,0.6972,0.6957,0.7178,0.7032,0.725
io_traces.ns338.oracleGeneral.zst_3600000,0.3611,0.3603,0.2831,0.3583,0.3805,0.4089,0.4549,0.4142,0.4142,0.4381,0.4266,0.7722,0.3972,0.3626,0.4125,0.4119,0.3527,0.3487,0.3738,0.3621,0.3921
io_traces.ns30.oracleGeneral.zst_39800000,0.1935,0.1977,0.1618,0.1969,0.2012,0.2123,0.2323,0.2287,0.2112,0.2044,0.2399,0.7933,0.1929,0.1989,0.211,0.2098,0.1947,0.1951,0.2134,0.1884,0.1955
io_traces.ns740.oracleGeneral.zst_517800000,0.5458,0.5486,0.4602,0.5477,0.5591,0.5889,0.6289,0.6047,0.5684,0.6572,0.5872,0.7924,0.5524,0.5633,0.5975,0.5876,0.5465,0.5488,0.5607,0.5546,0.5722
io_traces.ns598.oracleGeneral.zst_1400000,0.482,0.4853,0.4528,0.4855,0.4878,0.5389,0.6196,0.5556,0.5074,0.6604,0.5551,0.6941,0.4992,0.487,0.579,0.5336,0.4827,0.482,0.5032,0.4866,0.4913
io_traces.ns510.oracleGeneral.zst_2400000,0.4741,0.4738,0.4291,0.4739,0.4739,0.4762,0.4943,0.4773,0.4739,0.476,0.4757,0.7664,0.4764,0.5022,0.4764,0.476,0.4743,0.4735,0.476,0.4726,0.5234
io_traces.ns218.oracleGeneral.zst_2000000,0.5046,0.5027,0.4515,0.5022,0.506,0.5252,0.5666,0.529,0.5142,0.5312,0.523,0.8343,0.5207,0.5149,0.5297,0.5211,0.5044,0.5031,0.5085,0.5042,0.5367
io_traces.ns739.oracleGeneral.zst_1800000,0.5736,0.5758,0.5501,0.5758,0.5787,0.5834,0.6195,0.5847,0.5783,0.5932,0.5841,0.7157,0.5824,0.6057,0.5848,0.5826,0.574,0.5733,0.5789,0.5746,0.6147
io_traces.ns321.oracleGeneral.zst_2000000,0.4592,0.4591,0.4389,0.4588,0.459,0.4635,0.4804,0.4652,0.4596,0.4636,0.464,0.7769,0.4638,0.4811,0.4637,0.4634,0.4596,0.4592,0.4641,0.4582,0.5437
io_traces.ns14.oracleGeneral.zst_12800000,0.5146,0.5099,0.4113,0.5108,0.5279,0.5643,0.5901,0.5654,0.5468,0.5551,0.5692,0.8746,0.5378,0.5119,0.57,0.5638,0.5103,0.5092,0.5239,0.5194,0.563
io_traces.ns374.oracleGeneral.zst_3800000,0.3474,0.3464,0.314,0.3459,0.3497,0.3647,0.3925,0.3687,0.363,0.3691,0.3659,0.7516,0.3562,0.3509,0.3661,0.3602,0.3464,0.3458,0.3534,0.3461,0.3594
io_traces.ns474.oracleGeneral.zst_2400000,0.2289,0.2271,0.2065,0.2274,0.2292,0.2379,0.3426,0.2659,0.2342,0.26,0.2398,0.4684,0.2356,0.2304,0.2412,0.2356,0.2286,0.231,0.2333,0.2323,0.238
io_traces.ns489.oracleGeneral.zst_2600000,0.6987,0.7004,0.6514,0.6996,0.7081,0.7409,0.7875,0.7437,0.7237,0.7494,0.7393,0.8525,0.731,0.7013,0.748,0.7315,0.6976,0.6957,0.7151,0.7037,0.725
io_traces.ns707.oracleGeneral.zst_2400000,0.4778,0.478,0.4331,0.4778,0.4784,0.4801,0.4994,0.4812,0.4774,0.4805,0.4796,0.7947,0.4804,0.5132,0.4804,0.48,0.478,0.4768,0.4798,0.4769,0.5696
io_traces.ns281.oracleGeneral.zst_3400000,0.483,0.4834,0.4441,0.4833,0.4794,0.4937,0.5467,0.511,0.4894,0.5482,0.4952,0.6932,0.4918,0.4914,0.4954,0.4905,0.483,0.4833,0.4904,0.4894,0.5175
io_traces.ns103.oracleGeneral.zst_14600000,0.8219,0.8263,0.739,0.8266,0.827,0.8283,0.8283,0.8288,0.8265,0.8207,0.8284,0.9847,0.8196,0.8273,0.8278,0.8277,0.8254,0.79,0.8188,0.7988,0.7845
io_traces.ns345.oracleGeneral.zst_14000000,0.9299,0.95,0.8689,0.9501,0.9405,0.9617,0.9626,0.9604,0.9608,0.9458,0.961,0.9523,0.948,0.9375,0.9618,0.9618,0.9397,0.9425,0.9427,0.9502,0.9193
io_traces.ns26.oracleGeneral.zst_21400000,0.651,0.653,0.6038,0.6521,0.6572,0.6658,0.6759,0.6661,0.6627,0.6632,0.6638,0.8522,0.6581,0.653,0.6664,0.6663,0.652,0.6482,0.6606,0.6519,0.6529
io_traces.ns725.oracleGeneral.zst_13600000,0.9306,0.9519,0.8685,0.9519,0.9487,0.9612,0.9622,0.9601,0.9604,0.9491,0.9606,0.953,0.9517,0.9371,0.9613,0.9613,0.9479,0.9491,0.9414,0.9562,0.9177
io_traces.ns574.oracleGeneral.zst_1400000,0.5561,0.5552,0.5178,0.5549,0.5551,0.5688,0.6251,0.5844,0.562,0.5714,0.5678,0.8282,0.5687,0.5729,0.5713,0.5667,0.5578,0.5585,0.5723,0.5577,0.5784
io_traces.ns697.oracleGeneral.zst_4000000,0.5126,0.5143,0.438,0.5142,0.5143,0.5285,0.5381,0.5245,0.5259,0.5191,0.5265,0.7793,0.5165,0.5166,0.5291,0.5283,0.5132,0.5135,0.5231,0.5139,0.518
io_traces.ns315.oracleGeneral.zst_1200000,0.5347,0.5347,0.4968,0.5346,0.5357,0.5532,0.6511,0.5797,0.5438,0.5984,0.5529,0.7879,0.547,0.5406,0.5565,0.5491,0.5353,0.5363,0.5512,0.5374,0.5469
io_traces.ns228.oracleGeneral.zst_104400000,0.1199,0.1236,0.0727,0.1251,0.135,0.1719,0.1559,0.1579,0.1718,0.1501,0.162,0.2984,0.114,0.1208,0.1603,0.1602,0.1233,0.1178,0.174,0.1225,0.1344
io_traces.ns175.oracleGeneral.zst_3200000,0.512,0.5155,0.4422,0.515,0.5135,0.5323,0.544,0.5259,0.5298,0.5161,0.5298,0.7597,0.5196,0.5215,0.5329,0.5329,0.5139,0.514,0.5216,0.5158,0.5191
io_traces.ns252.oracleGeneral.zst_1400000,0.5568,0.5562,0.5349,0.5566,0.5557,0.5657,0.5772,0.5615,0.5584,0.57,0.5636,0.5903,0.5711,0.5627,0.5682,0.5634,0.5576,0.5484,0.5533,0.5479,0.5654
io_traces.ns599.oracleGeneral.zst_2200000,0.4555,0.4582,0.4047,0.4584,0.4584,0.4799,0.553,0.4991,0.466,0.4929,0.481,0.6779,0.4699,0.4616,0.4848,0.4755,0.4577,0.4579,0.4693,0.4598,0.469
io_traces.ns161.oracleGeneral.zst_38400000,0.1991,0.2032,0.1661,0.2025,0.2054,0.2123,0.2301,0.2279,0.2125,0.209,0.2375,0.7891,0.1974,0.2042,0.2115,0.2106,0.2005,0.2009,0.2143,0.1942,0.2068
io_traces.ns21.oracleGeneral.zst_33000000,0.5564,0.546,0.5266,0.5497,0.5643,0.6311,0.6763,0.6502,0.6117,0.6546,0.6478,0.7311,0.5877,0.5496,0.6377,0.6068,0.5553,0.5556,0.6013,0.5465,0.6
io_traces.ns313.oracleGeneral.zst_2800000,0.4196,0.4272,0.3805,0.4252,0.4296,0.4548,0.4707,0.4544,0.4448,0.4562,0.4536,0.6338,0.4452,0.4329,0.4563,0.4543,0.4212,0.4175,0.4493,0.4338,0.4406
io_traces.ns746.oracleGeneral.zst_25000000,0.9441,0.948,0.9174,0.9481,0.949,0.9568,0.959,0.9566,0.9558,0.9564,0.9566,0.9557,0.9537,0.9463,0.957,0.9569,0.9479,0.9496,0.9465,0.9547,0.9519
io_traces.ns219.oracleGeneral.zst_35600000,0.2018,0.1934,0.1294,0.1954,0.1853,0.1873,0.2127,0.2187,0.2475,0.3068,0.2473,0.9396,0.1842,0.2109,0.1863,0.1854,0.1997,0.2062,0.2118,0.2019,0.3167
io_traces.ns123.oracleGeneral.zst_13800000,0.2572,0.2543,0.2005,0.2547,0.2546,0.2597,0.3199,0.2797,0.2631,0.3052,0.2651,0.9074,0.2591,0.2686,0.2638,0.2587,0.2579,0.2581,0.2601,0.2554,0.3552
io_traces.ns410.oracleGeneral.zst_1400000,0.6805,0.6786,0.6255,0.6787,0.6767,0.6986,0.7721,0.7223,0.6861,0.7111,0.6926,0.9251,0.6918,0.6921,0.7063,0.6938,0.6814,0.6798,0.6916,0.6809,0.7492
io_traces.ns181.oracleGeneral.zst_77200000,0.0892,0.0896,0.0658,0.0898,0.0896,0.0904,0.1036,0.0967,0.0958,0.1024,0.1031,0.8449,0.089,0.0904,0.0905,0.0901,0.0891,0.0893,0.0899,0.0907,0.1011
io_traces.ns278.oracleGeneral.zst_8400000,0.3646,0.365,0.2899,0.365,0.3651,0.3673,0.381,0.3692,0.3657,0.3659,0.3663,0.7453,0.3646,0.3808,0.3677,0.3674,0.3655,0.3646,0.3666,0.362,0.4122
io_traces.ns348.oracleGeneral.zst_15600000,0.3177,0.3047,0.2383,0.311,0.3055,0.3049,0.3392,0.3256,0.3275,0.3979,0.3277,0.9769,0.3062,0.3316,0.3043,0.3041,0.3186,0.3231,0.3253,0.3235,0.434
io_traces.ns359.oracleGeneral.zst_11600000,0.2392,0.2321,0.1779,0.2334,0.2402,0.2511,0.3342,0.2832,0.2499,0.2986,0.2639,0.855,0.2533,0.2468,0.2631,0.2432,0.2381,0.239,0.2402,0.2358,0.3333
io_traces.ns655.oracleGeneral.zst_2400000,0.6823,0.6822,0.6341,0.6823,0.6828,0.7101,0.7653,0.7275,0.6975,0.7345,0.7141,0.8077,0.6985,0.6845,0.7173,0.706,0.6821,0.6837,0.6903,0.6878,0.7093
io_traces.ns554.oracleGeneral.zst_1600000,0.7283,0.7275,0.6616,0.7275,0.7298,0.7565,0.8152,0.7715,0.7356,0.7676,0.7494,0.9419,0.7509,0.7353,0.7641,0.7509,0.7278,0.7239,0.7389,0.7262,0.7458
io_traces.ns402.oracleGeneral.zst_22400000,0.2186,0.2174,0.1537,0.2173,0.2172,0.2206,0.2637,0.2379,0.2352,0.2633,0.2337,0.9314,0.2179,0.2268,0.2205,0.2204,0.2191,0.2188,0.2261,0.2173,0.3096
io_traces.ns193.oracleGeneral.zst_34400000,0.195,0.1953,0.1649,0.1952,0.1953,0.196,0.2008,0.197,0.196,0.1952,0.1964,0.8121,0.1913,0.1971,0.196,0.1959,0.1951,0.1958,0.1962,0.1956,0.2059
io_traces.ns647.oracleGeneral.zst_2000000,0.3862,0.3888,0.3455,0.3888,0.3881,0.4131,0.4996,0.4401,0.4076,0.4614,0.4321,0.5743,0.3986,0.3879,0.4229,0.4124,0.3866,0.3875,0.4015,0.3897,0.3775
io_traces.ns139.oracleGeneral.zst_7800000,0.4719,0.4743,0.4109,0.4742,0.4723,0.4891,0.4969,0.4863,0.4859,0.4922,0.4898,0.6384,0.4855,0.4808,0.49,0.4888,0.4735,0.4766,0.4856,0.4779,0.5035
io_traces.ns216.oracleGeneral.zst_1400000,0.5026,0.5055,0.4622,0.5051,0.5055,0.5266,0.6124,0.5526,0.5165,0.5388,0.526,0.7523,0.5194,0.5089,0.532,0.5198,0.5047,0.5045,0.5178,0.5095,0.5085
io_traces.ns236.oracleGeneral.zst_35400000,0.1891,0.1894,0.1603,0.1894,0.1897,0.1904,0.195,0.1913,0.1903,0.1893,0.1907,0.7914,0.1861,0.1913,0.1904,0.1903,0.1892,0.19,0.1906,0.1899,0.2009
io_traces.ns457.oracleGeneral.zst_3200000,0.56,0.564,0.4922,0.5631,0.5652,0.586,0.624,0.5897,0.5752,0.6019,0.5828,0.7652,0.5818,0.5832,0.5903,0.5799,0.5609,0.5571,0.5714,0.5593,0.5816
io_traces.ns618.oracleGeneral.zst_7200000,0.5028,0.4965,0.4091,0.4969,0.5176,0.5422,0.5833,0.5481,0.5353,0.5474,0.5394,0.9407,0.5449,0.4972,0.5476,0.5411,0.4971,0.4971,0.5055,0.5034,0.5222
io_traces.ns333.oracleGeneral.zst_1200000,0.2145,0.21,0.1739,0.2118,0.2216,0.2349,0.3001,0.2602,0.2271,0.4159,0.2425,0.4909,0.2231,0.2195,0.2406,0.2306,0.2128,0.2141,0.2202,0.2159,0.2474
io_traces.ns363.oracleGeneral.zst_6400000,0.8839,0.9032,0.8131,0.9028,0.9029,0.916,0.9168,0.9119,0.9149,0.9103,0.9144,0.9222,0.905,0.8852,0.9161,0.9159,0.9027,0.9032,0.8999,0.9069,0.8703
io_traces.ns121.oracleGeneral.zst_194400000,0.1889,0.1637,0.1215,0.1629,0.2621,0.311,0.3954,0.3265,0.1982,0.2999,0.3766,0.538,0.1719,0.1592,0.3302,0.2214,0.1769,0.1742,0.2625,0.2196,0.1562
io_traces.ns160.oracleGeneral.zst_18400000,0.2721,0.2705,0.1949,0.2713,0.2704,0.2737,0.3201,0.2896,0.2889,0.3372,0.2881,0.9131,0.2711,0.2867,0.2732,0.2732,0.2733,0.2744,0.283,0.2747,0.4856
io_traces.ns144.oracleGeneral.zst_392600000,0.5105,0.5509,0.3985,0.5347,0.525,0.5378,0.5467,0.5458,0.5025,0.6081,0.5438,0.91,0.4867,0.6442,0.5362,0.5349,0.5201,0.5137,0.5226,0.4762,0.7021
io_traces.ns357.oracleGeneral.zst_1400000,0.7108,0.7099,0.6527,0.7099,0.7107,0.7329,0.8001,0.753,0.7168,0.7476,0.7265,0.9323,0.7255,0.7218,0.7403,0.7268,0.7115,0.7086,0.7207,0.7095,0.7307
io_traces.ns38.oracleGeneral.zst_1053400000,0.9131,0.9307,0.5291,0.9308,0.8923,0.9425,0.9477,0.89,0.9399,0.868,0.9344,0.9976,0.817,0.9213,0.9437,0.9436,0.9195,0.9195,0.9132,0.9419,0.8154
io_traces.ns325.oracleGeneral.zst_2800000,0.4749,0.4772,0.4371,0.4769,0.4775,0.4971,0.5556,0.5064,0.4784,0.4974,0.4944,0.6242,0.491,0.4851,0.4987,0.4928,0.476,0.4755,0.4853,0.4768,0.4771
io_traces.ns748.oracleGeneral.zst_18000000,0.8662,0.8623,0.7712,0.8623,0.8627,0.8699,0.8772,0.8727,0.8666,0.8835,0.8702,0.9265,0.8677,0.8813,0.8716,0.8699,0.8664,0.8661,0.8743,0.8683,0.8966
io_traces.ns224.oracleGeneral.zst_1800000,0.157,0.1548,0.1332,0.1547,0.1563,0.1614,0.1824,0.1656,0.1604,0.2006,0.1637,0.4942,0.1606,0.1705,0.1626,0.1616,0.1568,0.1577,0.1601,0.1534,0.1989
io_traces.ns409.oracleGeneral.zst_2200000,0.3891,0.3914,0.3467,0.3912,0.3923,0.4117,0.4845,0.4311,0.3982,0.4241,0.4106,0.5697,0.3999,0.3953,0.4144,0.4116,0.3903,0.3903,0.3977,0.3924,0.3848
io_traces.ns62.oracleGeneral.zst_37200000,0.2026,0.2055,0.1694,0.2057,0.2058,0.2175,0.2244,0.2225,0.2151,0.2087,0.2259,0.8111,0.2003,0.2065,0.2149,0.2124,0.2035,0.2041,0.2147,0.1988,0.2062
io_traces.ns732.oracleGeneral.zst_2200000,0.3802,0.3828,0.3571,0.383,0.38,0.408,0.4889,0.4248,0.3942,0.4678,0.433,0.6734,0.3864,0.3828,0.4405,0.4088,0.3798,0.382,0.3877,0.3844,0.3959
io_traces.ns347.oracleGeneral.zst_3200000,0.4176,0.4262,0.3892,0.4243,0.4464,0.4854,0.5728,0.5069,0.4576,0.5682,0.4902,0.5897,0.4647,0.4264,0.4866,0.4855,0.4192,0.4191,0.4551,0.4219,0.4343
io_traces.ns15.oracleGeneral.zst_10600000,0.7073,0.7096,0.6261,0.7095,0.7085,0.7119,0.7125,0.7118,0.7115,0.7043,0.7106,0.9775,0.7039,0.7091,0.7117,0.7117,0.7084,0.705,0.7098,0.6923,0.6767
io_traces.ns358.oracleGeneral.zst_15400000,0.2365,0.2385,0.2054,0.2384,0.239,0.2422,0.2517,0.2444,0.2394,0.2413,0.2435,0.6157,0.2388,0.2423,0.2425,0.2422,0.2377,0.2382,0.241,0.2328,0.2345
io_traces.ns615.oracleGeneral.zst_1600000,0.4042,0.4016,0.3742,0.4015,0.4018,0.4161,0.487,0.4383,0.4093,0.4226,0.4139,0.634,0.4136,0.4091,0.4189,0.4133,0.4046,0.4049,0.4201,0.4065,0.4098
io_traces.ns25.oracleGeneral.zst_10200000,0.7017,0.704,0.62,0.7039,0.7028,0.7064,0.7071,0.7063,0.706,0.6978,0.7051,0.9769,0.6977,0.7034,0.7062,0.7062,0.7028,0.7004,0.7049,0.6895,0.6725
io_traces.ns532.oracleGeneral.zst_4200000,0.6836,0.6886,0.6524,0.6867,0.6888,0.7241,0.7563,0.7184,0.6974,0.7286,0.7245,0.8657,0.6983,0.6892,0.7303,0.7107,0.6854,0.6791,0.6828,0.6851,0.6885
io_traces.ns756.oracleGeneral.zst_1200000,0.8773,0.8755,0.8547,0.8755,0.8757,0.8803,0.8929,0.8764,0.8764,0.8842,0.8784,0.957,0.8796,0.8872,0.8812,0.8787,0.8791,0.8803,0.8756,0.8758,0.8975
io_traces.ns385.oracleGeneral.zst_1400000,0.4914,0.4938,0.4491,0.4936,0.4945,0.5143,0.6062,0.5478,0.5065,0.5331,0.5131,0.7735,0.5087,0.4975,0.5194,0.5076,0.4925,0.4931,0.5061,0.4979,0.4968
io_traces.ns65.oracleGeneral.zst_2800000,0.5274,0.5305,0.4868,0.5299,0.5322,0.5493,0.5694,0.5554,0.5371,0.5443,0.5508,0.6886,0.5467,0.5469,0.5529,0.5481,0.5303,0.5325,0.543,0.5296,0.5708
io_traces.ns217.oracleGeneral.zst_1800000,0.5196,0.5145,0.3966,0.5119,0.5146,0.5453,0.6036,0.5539,0.5451,0.5522,0.5593,0.8715,0.5291,0.525,0.557,0.5519,0.5163,0.5124,0.5198,0.5155,0.5711
io_traces.ns761.oracleGeneral.zst_2400000,0.6062,0.6063,0.5403,0.6069,0.6066,0.6072,0.619,0.6076,0.6065,0.6061,0.6064,0.8486,0.607,0.616,0.6073,0.6071,0.6066,0.6071,0.607,0.6077,0.6705
io_traces.ns471.oracleGeneral.zst_2400000,0.4824,0.4827,0.4392,0.4825,0.4834,0.4845,0.5046,0.4863,0.4818,0.4858,0.4839,0.7959,0.4849,0.5184,0.4849,0.4844,0.4825,0.4815,0.4841,0.4816,0.5523
io_traces.ns590.oracleGeneral.zst_7400000,0.3163,0.301,0.2086,0.3,0.2951,0.3601,0.4159,0.3733,0.3956,0.3937,0.4063,0.8777,0.3627,0.3002,0.3669,0.3646,0.307,0.3079,0.3206,0.3231,0.3387
io_traces.ns35.oracleGeneral.zst_14600000,0.8218,0.8265,0.7391,0.8267,0.8271,0.8285,0.8286,0.8289,0.8265,0.8244,0.8285,0.9831,0.82,0.8274,0.828,0.8279,0.8254,0.7907,0.8173,0.798,0.7829
io_traces.ns638.oracleGeneral.zst_1600000,0.435,0.4363,0.4058,0.4365,0.4348,0.4509,0.5242,0.477,0.446,0.5056,0.452,0.7432,0.446,0.4387,0.4546,0.4499,0.4352,0.4351,0.447,0.4366,0.4376
io_traces.ns74.oracleGeneral.zst_16200000,0.8277,0.8321,0.7507,0.8321,0.8327,0.8339,0.8341,0.8345,0.8321,0.8273,0.8338,0.9837,0.8252,0.8328,0.8335,0.8333,0.831,0.7989,0.8252,0.8082,0.7848
io_traces.ns233.oracleGeneral.zst_2400000,0.4919,0.4919,0.4441,0.4918,0.4924,0.494,0.5129,0.495,0.4914,0.4947,0.4934,0.8032,0.4943,0.528,0.4943,0.4939,0.4921,0.4912,0.494,0.4909,0.5616
io_traces.ns64.oracleGeneral.zst_21800000,0.5702,0.5833,0.4344,0.5842,0.6372,0.7198,0.7405,0.6917,0.6662,0.6916,0.7108,0.7958,0.6005,0.5755,0.7247,0.7022,0.5745,0.5699,0.6089,0.5861,0.5961
io_traces.ns591.oracleGeneral.zst_2400000,0.4871,0.4868,0.4381,0.4866,0.4864,0.4892,0.5048,0.4904,0.4871,0.4882,0.4884,0.7937,0.4894,0.5123,0.4894,0.4892,0.4874,0.4859,0.4885,0.4848,0.5258
io_traces.ns568.oracleGeneral.zst_2400000,0.4888,0.4888,0.4408,0.4888,0.4893,0.4912,0.5095,0.4934,0.4886,0.4918,0.4903,0.8016,0.4916,0.518,0.4915,0.4911,0.489,0.4878,0.4908,0.4872,0.5394
io_traces.ns19.oracleGeneral.zst_35800000,0.2105,0.2126,0.1768,0.2126,0.2126,0.2251,0.2299,0.2271,0.2237,0.2149,0.2284,0.8087,0.2094,0.2139,0.2235,0.2212,0.2113,0.212,0.224,0.2073,0.2182
io_traces.ns401.oracleGeneral.zst_11600000,0.4439,0.4515,0.3152,0.4515,0.4929,0.5311,0.5591,0.5044,0.5121,0.5217,0.5426,0.872,0.4784,0.452,0.5368,0.536,0.446,0.452,0.4776,0.4855,0.4929
io_traces.ns17.oracleGeneral.zst_11600000,0.4491,0.4549,0.3176,0.4548,0.4957,0.5347,0.563,0.509,0.515,0.5502,0.5457,0.8793,0.4889,0.4569,0.5405,0.5397,0.4511,0.4598,0.4799,0.4884,0.4967
io_traces.ns642.oracleGeneral.zst_2600000,0.6978,0.6989,0.6516,0.6982,0.7073,0.7393,0.7869,0.748,0.7222,0.7489,0.7382,0.8481,0.7304,0.7002,0.7471,0.7298,0.6965,0.6951,0.7146,0.7021,0.7224
io_traces.ns92.oracleGeneral.zst_47400000,0.1962,0.1987,0.151,0.1994,0.2053,0.2041,0.2462,0.2385,0.2533,0.2232,0.2754,0.8083,0.1908,0.2004,0.203,0.1999,0.1983,0.1973,0.2697,0.1839,0.1803
io_traces.ns308.oracleGeneral.zst_2000000,0.6302,0.631,0.5719,0.63,0.6376,0.6778,0.724,0.6811,0.6506,0.6902,0.6786,0.8028,0.6605,0.632,0.6862,0.6659,0.6294,0.6284,0.6476,0.6381,0.6307
io_traces.ns378.oracleGeneral.zst_12000000,0.254,0.249,0.1931,0.2498,0.2555,0.2647,0.3479,0.2963,0.263,0.3047,0.2801,0.8919,0.2655,0.2662,0.2765,0.2563,0.2543,0.2552,0.2545,0.2522,0.3573
io_traces.ns512.oracleGeneral.zst_7400000,0.2572,0.2583,0.2191,0.2581,0.2584,0.2702,0.2902,0.2699,0.2641,0.2691,0.268,0.4664,0.2666,0.2676,0.271,0.2647,0.2577,0.2571,0.2585,0.263,0.2748
io_traces.ns91.oracleGeneral.zst_38400000,0.1995,0.2032,0.1665,0.2029,0.2048,0.2139,0.2288,0.227,0.2116,0.2088,0.2335,0.7872,0.1971,0.2038,0.2128,0.212,0.2006,0.2009,0.2159,0.1947,0.2014
io_traces.ns213.oracleGeneral.zst_14200000,0.8204,0.825,0.7369,0.8252,0.8255,0.827,0.827,0.8273,0.8249,0.8224,0.827,0.9858,0.8151,0.826,0.8265,0.8263,0.824,0.7874,0.8173,0.7952,0.7824
io_traces.ns403.oracleGeneral.zst_2600000,0.4279,0.431,0.3866,0.4306,0.4302,0.4438,0.5203,0.4584,0.4324,0.4467,0.4404,0.6009,0.4386,0.4374,0.4467,0.4381,0.4295,0.4286,0.4381,0.4287,0.426
io_traces.ns492.oracleGeneral.zst_2200000,0.4538,0.4547,0.4227,0.4546,0.4543,0.4585,0.4802,0.4609,0.4555,0.4584,0.4575,0.7106,0.4588,0.4761,0.4587,0.4582,0.4543,0.4546,0.4603,0.4533,0.4863
io_traces.ns752.oracleGeneral.zst_3200000,0.4302,0.4276,0.3983,0.4275,0.4273,0.4509,0.5005,0.4558,0.4349,0.4602,0.4505,0.679,0.4419,0.4412,0.4579,0.447,0.4304,0.4323,0.4342,0.4331,0.4736
io_traces.ns234.oracleGeneral.zst_26400000,0.1778,0.1774,0.1292,0.178,0.1849,0.1971,0.2638,0.2174,0.2165,0.3384,0.2513,0.7478,0.1855,0.183,0.2073,0.189,0.1759,0.1766,0.1783,0.1802,0.221
io_traces.ns53.oracleGeneral.zst_1800000,0.322,0.3254,0.2651,0.3251,0.3459,0.3783,0.4029,0.3873,0.3609,0.3865,0.3896,0.5744,0.3648,0.3448,0.3766,0.3638,0.3224,0.3255,0.3829,0.335,0.4274
io_traces.ns114.oracleGeneral.zst_3000000,0.4931,0.4931,0.451,0.4929,0.4951,0.5175,0.5759,0.5275,0.4989,0.5275,0.5188,0.6841,0.5095,0.5025,0.5229,0.5107,0.4932,0.4947,0.5023,0.4947,0.5125
io_traces.ns61.oracleGeneral.zst_14400000,0.8201,0.8247,0.7363,0.8251,0.8255,0.8269,0.8269,0.8272,0.8249,0.8194,0.8268,0.9842,0.8152,0.8257,0.8264,0.8263,0.8238,0.7875,0.8172,0.7952,0.7758
io_traces.ns262.oracleGeneral.zst_78800000,0.0899,0.0903,0.0661,0.0905,0.0901,0.091,0.1035,0.0972,0.0972,0.1145,0.1006,0.8477,0.0896,0.0909,0.0911,0.0906,0.0897,0.09,0.0906,0.092,0.1025
io_traces.ns523.oracleGeneral.zst_2200000,0.7024,0.7031,0.5602,0.7029,0.7049,0.769,0.8073,0.7799,0.7243,0.8039,0.7583,0.907,0.7277,0.7182,0.7768,0.756,0.7046,0.7038,0.7361,0.7099,0.7636
io_traces.ns625.oracleGeneral.zst_2400000,0.5645,0.565,0.5248,0.5649,0.5645,0.5734,0.6075,0.5779,0.569,0.5845,0.5729,0.8178,0.5725,0.5837,0.5752,0.5727,0.5653,0.5627,0.5741,0.5651,0.5834
io_traces.ns511.oracleGeneral.zst_11600000,0.2439,0.239,0.1828,0.2398,0.2427,0.253,0.3353,0.2853,0.2533,0.3391,0.2683,0.907,0.2552,0.2558,0.2639,0.2459,0.2445,0.2454,0.2448,0.2423,0.5277
io_traces.ns145.oracleGeneral.zst_14400000,0.8207,0.8251,0.7374,0.8254,0.8257,0.8271,0.8271,0.8275,0.8252,0.8208,0.8271,0.986,0.8184,0.8261,0.8266,0.8263,0.8241,0.7894,0.817,0.7956,0.777
io_traces.ns24.oracleGeneral.zst_37000000,0.2054,0.2089,0.1725,0.2087,0.209,0.2226,0.2287,0.2267,0.2172,0.2127,0.23,0.7836,0.2032,0.2093,0.2197,0.2167,0.2062,0.2068,0.2204,0.2015,0.2127
io_traces.ns56.oracleGeneral.zst_35200000,0.1874,0.1888,0.1601,0.1888,0.1883,0.1894,0.1947,0.1905,0.1895,0.1889,0.1899,0.7969,0.1847,0.1898,0.1896,0.1894,0.1876,0.1884,0.1896,0.1892,0.2014
io_traces.ns453.oracleGeneral.zst_2600000,0.9736,0.9834,0.9427,0.9834,0.9834,0.9834,0.9917,0.9834,0.9834,0.976,0.9834,0.9834,0.9834,0.9732,0.9834,0.9834,0.9834,0.9834,0.9756,0.9834,0.9691
io_traces.ns94.oracleGeneral.zst_14400000,0.8203,0.8249,0.7364,0.8252,0.8254,0.827,0.827,0.8273,0.8251,0.8199,0.827,0.9834,0.8136,0.8258,0.8265,0.8264,0.824,0.7868,0.817,0.7949,0.7755
io_traces.ns593.oracleGeneral.zst_2200000,0.4906,0.4909,0.4453,0.4909,0.4917,0.4928,0.5136,0.4953,0.4902,0.4935,0.4924,0.7975,0.4932,0.5267,0.4931,0.4929,0.4907,0.4898,0.4932,0.4908,0.5627
io_traces.ns202.oracleGeneral.zst_7800000,0.8615,0.8628,0.8144,0.8632,0.864,0.868,0.8753,0.8673,0.8653,0.868,0.8685,0.9168,0.8663,0.8703,0.8684,0.8654,0.862,0.8622,0.8656,0.8606,0.8862
io_traces.ns653.oracleGeneral.zst_4400000,0.5428,0.5454,0.4484,0.5442,0.5627,0.5907,0.6373,0.5958,0.5709,0.5892,0.59,0.7012,0.5758,0.5466,0.5941,0.5871,0.5418,0.5426,0.5559,0.5534,0.5458
io_traces.ns99.oracleGeneral.zst_3200000,0.9097,0.9188,0.8072,0.9186,0.9175,0.9259,0.9268,0.9252,0.9253,0.9201,0.9254,0.9784,0.924,0.9159,0.926,0.926,0.9176,0.9135,0.9133,0.9179,0.896
io_traces.ns305.oracleGeneral.zst_4200000,0.2586,0.2631,0.2239,0.2623,0.2636,0.2702,0.2853,0.274,0.2611,0.2676,0.2732,0.5328,0.2653,0.2771,0.2704,0.269,0.26,0.2576,0.2654,0.2539,0.2806
io_traces.ns319.oracleGeneral.zst_7200000,0.3926,0.4076,0.2996,0.4033,0.4229,0.4528,0.5037,0.4685,0.4443,0.5282,0.4614,0.8236,0.4348,0.4224,0.4685,0.4391,0.3898,0.3886,0.4181,0.4019,0.4747
io_traces.ns744.oracleGeneral.zst_1600000,0.7536,0.7542,0.7457,0.7543,0.754,0.7555,0.7607,0.7546,0.7543,0.7548,0.7549,0.8538,0.7549,0.7619,0.7563,0.7557,0.7538,0.7537,0.7543,0.7539,0.7746
io_traces.ns424.oracleGeneral.zst_7600000,0.2975,0.3035,0.2624,0.3015,0.3195,0.3451,0.379,0.3497,0.3411,0.3472,0.3746,0.9289,0.3237,0.3133,0.3509,0.3366,0.2976,0.2971,0.3044,0.2992,0.3584
io_traces.ns256.oracleGeneral.zst_97800000,0.1945,0.1857,0.1278,0.2135,0.1942,0.1982,0.203,0.2114,0.211,0.2412,0.2093,0.4714,0.1808,0.2042,0.1879,0.1873,0.1984,0.1996,0.2112,0.1921,0.2087
io_traces.ns469.oracleGeneral.zst_1800000,0.735,0.7349,0.6893,0.7347,0.7342,0.7479,0.7864,0.7567,0.7402,0.7696,0.7465,0.9155,0.7466,0.7387,0.7502,0.7463,0.735,0.7353,0.7478,0.7373,0.7533
io_traces.ns211.oracleGeneral.zst_14200000,0.2922,0.2911,0.2239,0.291,0.293,0.2953,0.3548,0.3131,0.3036,0.3575,0.3025,0.9137,0.2973,0.3035,0.2975,0.2965,0.2926,0.2935,0.2982,0.2936,0.4951
io_traces.ns780.oracleGeneral.zst_1800000,0.5644,0.568,0.5301,0.5668,0.5669,0.5889,0.6046,0.5821,0.5817,0.5861,0.5847,0.7817,0.5817,0.5909,0.5906,0.5781,0.5649,0.5617,0.5796,0.5692,0.5908
io_traces.ns416.oracleGeneral.zst_2400000,0.4677,0.4677,0.4468,0.4677,0.4679,0.4712,0.4898,0.4721,0.4684,0.4716,0.4707,0.7413,0.4714,0.4895,0.4714,0.4711,0.4679,0.4682,0.4704,0.4665,0.5044
io_traces.ns632.oracleGeneral.zst_1200000,0.6039,0.6048,0.5601,0.6048,0.6063,0.6175,0.6624,0.6289,0.6129,0.6228,0.6182,0.8971,0.6168,0.6216,0.6202,0.6168,0.6046,0.6013,0.6145,0.6037,0.6267
io_traces.ns791.oracleGeneral.zst_2800000,0.9235,0.9314,0.8827,0.9314,0.9315,0.9359,0.9381,0.9328,0.9347,0.9357,0.9357,0.9342,0.9337,0.9219,0.937,0.9343,0.9314,0.9335,0.9238,0.9356,0.92
io_traces.ns221.oracleGeneral.zst_14200000,0.9294,0.9516,0.8698,0.9517,0.9476,0.9617,0.9627,0.9604,0.9609,0.9526,0.961,0.953,0.9534,0.9365,0.9618,0.9618,0.9472,0.9514,0.9425,0.955,0.9196
io_traces.ns736.oracleGeneral.zst_14200000,0.9316,0.9534,0.8737,0.9534,0.9518,0.9618,0.9628,0.9607,0.961,0.951,0.9611,0.9537,0.9513,0.9374,0.9619,0.9619,0.9517,0.9546,0.9422,0.9584,0.9208
io_traces.ns45.oracleGeneral.zst_11400000,0.481,0.4844,0.4662,0.4832,0.4842,0.4876,0.5148,0.4911,0.483,0.4922,0.4869,0.6282,0.4907,0.4868,0.4881,0.487,0.4815,0.4813,0.4844,0.4803,0.4765
io_traces.ns239.oracleGeneral.zst_39800000,0.194,0.1984,0.1618,0.1976,0.2012,0.2094,0.2295,0.2261,0.2099,0.2026,0.2372,0.7799,0.1944,0.1993,0.2085,0.2073,0.1955,0.1958,0.2132,0.1884,0.1953
io_traces.ns190.oracleGeneral.zst_37600000,0.1999,0.1907,0.1334,0.1945,0.1838,0.1864,0.2114,0.2206,0.2485,0.2826,0.2506,0.9295,0.1819,0.2087,0.1856,0.1839,0.199,0.2066,0.2139,0.2028,0.2963
io_traces.ns43.oracleGeneral.zst_14800000,0.8248,0.8299,0.7426,0.8302,0.8306,0.832,0.832,0.8323,0.8301,0.8243,0.8319,0.987,0.8213,0.8307,0.8316,0.8314,0.8286,0.7919,0.8217,0.8022,0.7797
io_traces.ns214.oracleGeneral.zst_2400000,0.4749,0.4747,0.4317,0.4747,0.4747,0.4771,0.495,0.4786,0.4749,0.477,0.4765,0.801,0.4774,0.5034,0.4774,0.477,0.4751,0.4739,0.4767,0.4732,0.5284
io_traces.ns235.oracleGeneral.zst_1600000,0.4924,0.4927,0.4676,0.4921,0.4912,0.4971,0.5162,0.4968,0.4932,0.4973,0.4962,0.7444,0.4973,0.5107,0.4977,0.4961,0.493,0.4928,0.4957,0.492,0.5501
io_traces.ns280.oracleGeneral.zst_3200000,0.4534,0.4525,0.4084,0.4524,0.4547,0.4715,0.5116,0.4787,0.4648,0.4938,0.4705,0.8324,0.4659,0.4587,0.4758,0.469,0.4535,0.4542,0.4654,0.4563,0.5196
io_traces.ns2.oracleGeneral.zst_25600000,0.3922,0.3945,0.324,0.3943,0.3956,0.4064,0.4166,0.406,0.4042,0.4254,0.4083,0.6557,0.3997,0.402,0.4086,0.4058,0.3923,0.3934,0.4004,0.3973,0.415
io_traces.ns455.oracleGeneral.zst_16400000,0.4177,0.4174,0.3472,0.417,0.4446,0.4895,0.5313,0.4936,0.4569,0.4968,0.5033,0.8882,0.4454,0.4208,0.4994,0.475,0.4162,0.4156,0.4232,0.4226,0.4577
io_traces.ns577.oracleGeneral.zst_4200000,0.3711,0.3716,0.3263,0.3715,0.3715,0.3728,0.382,0.3732,0.3713,0.3707,0.3717,0.7321,0.3711,0.3951,0.373,0.3724,0.3711,0.371,0.3724,0.3723,0.4661
io_traces.ns279.oracleGeneral.zst_10800000,0.3249,0.3235,0.2717,0.3245,0.3357,0.3729,0.4554,0.3907,0.3649,0.4663,0.409,0.9077,0.3491,0.3287,0.3924,0.3457,0.324,0.3246,0.3288,0.3278,0.3868
io_traces.ns654.oracleGeneral.zst_5600000,0.2925,0.291,0.2467,0.2915,0.2926,0.3004,0.3356,0.3071,0.2988,0.3169,0.3003,0.7366,0.2971,0.2995,0.3013,0.3004,0.2924,0.2931,0.3004,0.2903,0.321
io_traces.ns435.oracleGeneral.zst_34000000,0.1946,0.1849,0.1202,0.1888,0.1763,0.1783,0.199,0.2154,0.2439,0.2538,0.2444,0.9503,0.1742,0.2054,0.175,0.1749,0.1934,0.2005,0.207,0.193,0.2964
io_traces.ns728.oracleGeneral.zst_4600000,0.9714,0.9792,0.92,0.9792,0.9779,0.9801,0.981,0.9794,0.9799,0.9796,0.9799,0.9793,0.9788,0.9721,0.9804,0.9803,0.9775,0.9777,0.9741,0.9789,0.9668
io_traces.ns166.oracleGeneral.zst_14800000,0.8233,0.8279,0.7408,0.8281,0.8284,0.8299,0.8299,0.8303,0.828,0.8244,0.8299,0.9868,0.8157,0.8289,0.8294,0.8293,0.8268,0.7917,0.8202,0.8014,0.7794
io_traces.ns223.oracleGeneral.zst_13200000,0.4961,0.4969,0.4508,0.4973,0.5,0.5415,0.5636,0.5399,0.5148,0.5405,0.5465,0.7877,0.5157,0.5017,0.547,0.5351,0.496,0.4954,0.5023,0.4978,0.5267
io_traces.ns583.oracleGeneral.zst_2200000,0.4011,0.4008,0.3553,0.4011,0.4023,0.424,0.5151,0.4586,0.4152,0.4489,0.4322,0.6037,0.4122,0.4013,0.4312,0.4234,0.4008,0.4008,0.4115,0.4037,0.3959
io_traces.ns737.oracleGeneral.zst_16600000,0.3134,0.312,0.2704,0.3172,0.3149,0.3176,0.3162,0.3183,0.318,0.3128,0.3172,0.9883,0.3066,0.3194,0.3141,0.314,0.3145,0.3142,0.318,0.3004,0.3172
io_traces.ns109.oracleGeneral.zst_14400000,0.8204,0.825,0.7371,0.8253,0.8255,0.8269,0.827,0.8273,0.825,0.8173,0.827,0.9851,0.818,0.8259,0.8265,0.8263,0.824,0.7874,0.817,0.7959,0.7762
io_traces.ns122.oracleGeneral.zst_16600000,0.5602,0.5532,0.4339,0.556,0.587,0.6225,0.6459,0.6206,0.5989,0.6457,0.631,0.9021,0.5852,0.5558,0.6278,0.6261,0.5587,0.556,0.5761,0.5657,0.7191
io_traces.ns714.oracleGeneral.zst_3600000,0.6655,0.6673,0.5996,0.6672,0.667,0.6734,0.6887,0.6736,0.6684,0.6719,0.672,0.879,0.6709,0.6819,0.675,0.6724,0.6678,0.6679,0.6711,0.6674,0.7125
io_traces.ns354.oracleGeneral.zst_24400000,0.2942,0.2907,0.2151,0.2918,0.2891,0.2928,0.3204,0.3083,0.3178,0.3207,0.3176,0.9355,0.2874,0.3022,0.2922,0.2922,0.2958,0.2982,0.3101,0.3003,0.3749
io_traces.ns271.oracleGeneral.zst_6600000,0.5153,0.5233,0.4052,0.5196,0.6481,0.7059,0.7508,0.6249,0.6141,0.6358,0.7012,0.7773,0.5499,0.4613,0.7213,0.6955,0.5132,0.5106,0.7031,0.5833,0.4769
io_traces.ns304.oracleGeneral.zst_2800000,0.4512,0.4555,0.4277,0.4554,0.4599,0.4785,0.494,0.4753,0.4671,0.475,0.4746,0.5677,0.4706,0.4576,0.4808,0.4738,0.4535,0.4506,0.4587,0.4523,0.4624
io_traces.ns680.oracleGeneral.zst_2200000,0.3786,0.3802,0.3394,0.3804,0.3817,0.4062,0.4929,0.4305,0.3999,0.4443,0.4167,0.5704,0.3922,0.3802,0.4137,0.4054,0.3797,0.3807,0.3922,0.3834,0.3721
io_traces.ns659.oracleGeneral.zst_2200000,0.4905,0.4908,0.4476,0.4909,0.492,0.4928,0.5148,0.4948,0.4904,0.4941,0.4927,0.7908,0.4933,0.5261,0.4931,0.4929,0.4906,0.4897,0.4933,0.4917,0.5882
io_traces.ns759.oracleGeneral.zst_13800000,0.9305,0.9512,0.8717,0.9512,0.9479,0.9615,0.9625,0.9604,0.9606,0.9535,0.9609,0.9532,0.9477,0.9366,0.9616,0.9616,0.947,0.9479,0.9427,0.9562,0.9204
io_traces.ns293.oracleGeneral.zst_86000000,0.3389,0.331,0.1899,0.3323,0.3446,0.357,0.3736,0.3669,0.3692,0.3923,0.3901,0.841,0.3298,0.3337,0.3521,0.3511,0.3385,0.3367,0.4369,0.3339,0.5113
io_traces.ns456.oracleGeneral.zst_2400000,0.4491,0.4518,0.4097,0.4517,0.4528,0.4779,0.5497,0.4939,0.4617,0.4991,0.4879,0.6595,0.4661,0.4642,0.4874,0.4778,0.4503,0.4501,0.4624,0.4516,0.4542
io_traces.ns339.oracleGeneral.zst_11800000,0.4451,0.4525,0.3157,0.4521,0.4926,0.5312,0.5594,0.5053,0.5121,0.5215,0.5428,0.8745,0.4852,0.4531,0.537,0.5357,0.4481,0.4554,0.478,0.4854,0.4937
io_traces.ns334.oracleGeneral.zst_6800000,0.4786,0.4829,0.4055,0.4811,0.4983,0.514,0.5538,0.5199,0.5149,0.5299,0.5172,0.817,0.5099,0.4875,0.5162,0.5158,0.4736,0.4669,0.4845,0.4747,0.5711
io_traces.ns39.oracleGeneral.zst_14800000,0.8257,0.8306,0.7434,0.8309,0.8312,0.8327,0.8327,0.833,0.8308,0.828,0.8327,0.9836,0.8204,0.8316,0.8323,0.8321,0.8293,0.7932,0.8224,0.8044,0.7811
io_traces.ns171.oracleGeneral.zst_5600000,0.6626,0.6637,0.609,0.6627,0.6648,0.6775,0.7076,0.6837,0.6665,0.6924,0.6848,0.853,0.674,0.6671,0.678,0.6749,0.6628,0.6568,0.6696,0.6593,0.6731
io_traces.ns393.oracleGeneral.zst_1400000,0.4387,0.4388,0.4212,0.439,0.4403,0.4564,0.477,0.4484,0.4403,0.4682,0.4504,0.4662,0.4521,0.443,0.4595,0.4503,0.4397,0.4322,0.4409,0.4328,0.4424
io_traces.ns68.oracleGeneral.zst_75400000,0.0946,0.095,0.0687,0.0951,0.0948,0.0959,0.1075,0.1019,0.103,0.1104,0.1026,0.8517,0.0943,0.0955,0.0961,0.0955,0.0943,0.0947,0.0954,0.0975,0.1084
io_traces.ns12.oracleGeneral.zst_46200000,0.5075,0.5095,0.4848,0.5081,0.5089,0.5141,0.5204,0.5155,0.5129,0.5203,0.5142,0.5375,0.5118,0.5102,0.5146,0.5141,0.5078,0.5078,0.5104,0.5077,0.5128
io_traces.ns587.oracleGeneral.zst_1400000,0.683,0.6812,0.6275,0.6813,0.6796,0.6997,0.7729,0.7208,0.6881,0.7133,0.6942,0.9289,0.6955,0.695,0.7063,0.6959,0.6839,0.6824,0.694,0.6831,0.7068
io_traces.ns743.oracleGeneral.zst_2800000,0.9161,0.9163,0.8966,0.9163,0.9161,0.9201,0.9231,0.9194,0.9178,0.9192,0.9191,0.938,0.9195,0.9166,0.9207,0.9195,0.9163,0.9169,0.9163,0.9176,0.9233
io_traces.ns366.oracleGeneral.zst_1200000,0.3412,0.3427,0.3067,0.3429,0.3449,0.3563,0.3763,0.3599,0.351,0.3616,0.3591,0.5451,0.3554,0.3534,0.3585,0.3547,0.3413,0.3418,0.3479,0.3424,0.3822
io_traces.ns405.oracleGeneral.zst_6200000,0.6268,0.6261,0.5816,0.6262,0.6275,0.6556,0.699,0.6542,0.6334,0.6549,0.6575,0.7977,0.6414,0.6344,0.6671,0.6526,0.6254,0.6249,0.6262,0.631,0.6582
io_traces.ns33.oracleGeneral.zst_38600000,0.2008,0.206,0.1655,0.2054,0.2054,0.2118,0.2232,0.2225,0.2108,0.2074,0.2273,0.7997,0.1981,0.2058,0.21,0.2092,0.2027,0.2034,0.2145,0.1972,0.2023
io_traces.ns560.oracleGeneral.zst_1600000,0.5301,0.5297,0.5067,0.5295,0.53,0.5411,0.5995,0.5576,0.5349,0.5534,0.5409,0.677,0.5396,0.535,0.5437,0.5375,0.53,0.5303,0.5375,0.5311,0.5356
io_traces.ns238.oracleGeneral.zst_5600000,0.5719,0.5735,0.5253,0.5735,0.5752,0.5923,0.6315,0.5946,0.5775,0.6061,0.5967,0.8142,0.5822,0.5824,0.598,0.5912,0.5735,0.5668,0.5749,0.5759,0.6027
io_traces.ns247.oracleGeneral.zst_23400000,0.1862,0.1914,0.1514,0.1916,0.2123,0.2292,0.2836,0.2395,0.2494,0.3003,0.2661,0.7089,0.2038,0.1938,0.2371,0.2219,0.1838,0.1842,0.1927,0.1923,0.2185
io_traces.ns603.oracleGeneral.zst_7200000,0.2967,0.2959,0.228,0.2972,0.3077,0.3196,0.3705,0.3298,0.3326,0.3303,0.3367,0.8624,0.3357,0.2989,0.3213,0.3212,0.2942,0.2949,0.305,0.2964,0.4025
io_traces.ns324.oracleGeneral.zst_11800000,0.4442,0.451,0.3125,0.4498,0.4923,0.5286,0.5566,0.5019,0.5094,0.5108,0.54,0.8703,0.4832,0.4501,0.5346,0.5337,0.4448,0.4511,0.477,0.4845,0.4919
io_traces.ns508.oracleGeneral.zst_2200000,0.4865,0.4867,0.4462,0.4867,0.4874,0.4884,0.5104,0.4901,0.4857,0.4893,0.4884,0.7797,0.489,0.5224,0.4888,0.4885,0.4864,0.4856,0.4886,0.4876,0.5628
io_traces.ns594.oracleGeneral.zst_2000000,0.4354,0.4376,0.4002,0.4382,0.4368,0.4479,0.4823,0.4449,0.4394,0.4507,0.4496,0.6874,0.4451,0.4572,0.4477,0.445,0.4369,0.4364,0.4414,0.4383,0.4409
io_traces.ns538.oracleGeneral.zst_14200000,0.9307,0.9532,0.8708,0.9532,0.9495,0.962,0.963,0.9609,0.9613,0.9464,0.9614,0.9537,0.9491,0.937,0.9621,0.9621,0.9478,0.9473,0.9421,0.9562,0.9179
io_traces.ns727.oracleGeneral.zst_37400000,0.8785,0.879,0.7267,0.8784,0.8791,0.8893,0.8965,0.8904,0.8836,0.9049,0.8897,0.9427,0.8861,0.8797,0.8908,0.89,0.8767,0.8774,0.8985,0.8847,0.9204
io_traces.ns460.oracleGeneral.zst_19000000,0.2854,0.2842,0.204,0.2849,0.2844,0.2877,0.3344,0.3034,0.3026,0.347,0.3017,0.9169,0.2873,0.3003,0.2874,0.2873,0.2867,0.2879,0.2968,0.2886,0.3907
io_traces.ns37.oracleGeneral.zst_20200000,0.2192,0.2231,0.1898,0.2224,0.2249,0.2289,0.2404,0.2296,0.22,0.2288,0.228,0.5883,0.2222,0.2349,0.2295,0.2281,0.221,0.2164,0.2255,0.2098,0.2417
io_traces.ns418.oracleGeneral.zst_2600000,0.6959,0.6967,0.6496,0.6964,0.704,0.7383,0.7858,0.7523,0.7212,0.7476,0.7377,0.8532,0.7279,0.6978,0.7458,0.7295,0.6946,0.693,0.7126,0.7,0.698
io_traces.ns406.oracleGeneral.zst_2200000,0.3876,0.3899,0.346,0.3899,0.389,0.4141,0.4989,0.4407,0.4085,0.4537,0.4259,0.5745,0.4001,0.3893,0.4217,0.4142,0.3882,0.3892,0.4015,0.3912,0.3777
io_traces.ns472.oracleGeneral.zst_5000000,0.3078,0.3102,0.2466,0.3131,0.3114,0.3181,0.3622,0.327,0.3268,0.3212,0.3267,0.7981,0.3174,0.3259,0.3185,0.3184,0.31,0.3089,0.3219,0.2983,0.3523
io_traces.ns227.oracleGeneral.zst_11600000,0.2488,0.2496,0.2058,0.2496,0.2494,0.2509,0.2576,0.2519,0.2499,0.2499,0.2507,0.5527,0.2464,0.2503,0.2504,0.2504,0.2497,0.2498,0.2506,0.2457,0.241
io_traces.ns371.oracleGeneral.zst_1600000,0.365,0.3652,0.3562,0.3647,0.3651,0.3655,0.3745,0.3659,0.3648,0.3654,0.3654,0.8285,0.3654,0.3816,0.3656,0.3655,0.3651,0.3651,0.3655,0.3653,0.3879
io_traces.ns173.oracleGeneral.zst_37800000,0.2023,0.2055,0.1676,0.2053,0.2065,0.2153,0.2279,0.2262,0.2144,0.2066,0.2312,0.7924,0.1989,0.2066,0.214,0.2125,0.2033,0.2039,0.2163,0.1979,0.2032
io_traces.ns356.oracleGeneral.zst_4800000,0.3182,0.3204,0.2529,0.3229,0.3217,0.3286,0.3713,0.3375,0.3375,0.3301,0.3383,0.8068,0.3279,0.3393,0.3289,0.3289,0.3204,0.3182,0.3334,0.3068,0.4117
io_traces.ns331.oracleGeneral.zst_5200000,0.4926,0.492,0.4515,0.4918,0.4914,0.4961,0.5234,0.5004,0.4931,0.4964,0.4977,0.8615,0.4949,0.5103,0.4969,0.4954,0.493,0.4961,0.497,0.4943,0.5245
io_traces.ns1.oracleGeneral.zst_22400000,0.2192,0.2184,0.1545,0.2179,0.2209,0.2213,0.2651,0.2388,0.2355,0.2634,0.234,0.9306,0.2187,0.2276,0.2215,0.2213,0.2197,0.2195,0.2264,0.218,0.4544
io_traces.ns754.oracleGeneral.zst_2800000,0.6946,0.6949,0.6076,0.6949,0.6945,0.696,0.7044,0.6961,0.6946,0.6943,0.6947,0.8082,0.6946,0.6972,0.6966,0.6951,0.6953,0.6938,0.6927,0.6943,0.6919
io_traces.ns515.oracleGeneral.zst_2400000,0.5793,0.5761,0.5259,0.5763,0.5773,0.5885,0.6567,0.6101,0.5839,0.5955,0.5886,0.8794,0.5868,0.5849,0.5904,0.5881,0.5796,0.5806,0.5875,0.5774,0.6176
io_traces.ns352.oracleGeneral.zst_2200000,0.3877,0.3881,0.3743,0.3881,0.3909,0.407,0.42,0.4044,0.3951,0.4091,0.4053,0.4162,0.4022,0.3901,0.4093,0.4038,0.3877,0.3874,0.3916,0.3888,0.3935
io_traces.ns370.oracleGeneral.zst_4400000,0.3664,0.3593,0.3414,0.359,0.3591,0.3826,0.409,0.393,0.3766,0.3923,0.3927,0.7938,0.3688,0.4,0.3879,0.3758,0.3662,0.3669,0.3839,0.3663,0.5115
io_traces.ns766.oracleGeneral.zst_1600000,0.6225,0.6183,0.6014,0.6194,0.6273,0.6381,0.6688,0.6441,0.6317,0.6524,0.6379,0.694,0.6336,0.6215,0.6407,0.6345,0.6212,0.6224,0.6234,0.6216,0.6414
io_traces.ns392.oracleGeneral.zst_2000000,0.4597,0.4605,0.4267,0.4602,0.4601,0.4646,0.4856,0.4647,0.4619,0.4646,0.4637,0.6975,0.465,0.4834,0.4648,0.4646,0.4602,0.4607,0.4658,0.4594,0.4943
io_traces.ns461.oracleGeneral.zst_5400000,0.3012,0.3073,0.2433,0.306,0.3142,0.323,0.3674,0.3306,0.3265,0.3265,0.3339,0.7083,0.3199,0.3158,0.3243,0.324,0.2999,0.2918,0.3106,0.2973,0.3177
io_traces.ns446.oracleGeneral.zst_11600000,0.2587,0.256,0.2062,0.2566,0.2569,0.2659,0.3286,0.2898,0.2636,0.298,0.2925,0.8981,0.2645,0.2703,0.2739,0.2595,0.2588,0.259,0.2599,0.2563,0.3648
io_traces.ns429.oracleGeneral.zst_2400000,0.5614,0.5626,0.5237,0.5622,0.5623,0.5745,0.6188,0.5819,0.5669,0.611,0.572,0.7727,0.5731,0.591,0.5762,0.5712,0.5622,0.5558,0.5689,0.5602,0.5817
io_traces.ns399.oracleGeneral.zst_22400000,0.219,0.218,0.1541,0.2175,0.2207,0.221,0.2643,0.2383,0.2356,0.2594,0.2342,0.9368,0.2184,0.227,0.221,0.2209,0.2195,0.2193,0.2263,0.2177,0.3102
io_traces.ns83.oracleGeneral.zst_35600000,0.1927,0.1931,0.16,0.1931,0.1933,0.1941,0.1982,0.195,0.1942,0.1922,0.1945,0.7979,0.1887,0.1947,0.1941,0.194,0.1929,0.1938,0.1944,0.1937,0.2034
io_traces.ns85.oracleGeneral.zst_6200000,0.4406,0.44,0.3513,0.4378,0.4516,0.4683,0.4829,0.4684,0.4599,0.4844,0.4703,0.6701,0.4519,0.4426,0.4717,0.4698,0.4384,0.4356,0.4937,0.4436,0.4449
io_traces.ns11.oracleGeneral.zst_10200000,0.7061,0.7087,0.6246,0.7081,0.7073,0.7109,0.7116,0.7108,0.7104,0.704,0.7096,0.9805,0.7019,0.708,0.7106,0.7106,0.7073,0.7052,0.709,0.6917,0.6838
io_traces.ns672.oracleGeneral.zst_2000000,0.4366,0.4369,0.4116,0.4371,0.4369,0.4406,0.4675,0.4427,0.4382,0.4412,0.4398,0.7138,0.4412,0.4761,0.441,0.4406,0.4369,0.438,0.4418,0.436,0.5335
io_traces.ns169.oracleGeneral.zst_16200000,0.8271,0.8314,0.7502,0.8316,0.832,0.8332,0.8334,0.8338,0.8313,0.8295,0.8332,0.9844,0.8242,0.8323,0.8328,0.8327,0.8305,0.7965,0.8245,0.8088,0.7912
io_traces.ns111.oracleGeneral.zst_14400000,0.8226,0.827,0.739,0.8271,0.8275,0.8291,0.829,0.8294,0.8271,0.8224,0.8291,0.9838,0.8187,0.8278,0.8285,0.8283,0.8261,0.7893,0.819,0.796,0.7788
io_traces.ns295.oracleGeneral.zst_44600000,0.1777,0.1828,0.1477,0.1817,0.1882,0.1997,0.233,0.2258,0.1952,0.1999,0.2355,0.7397,0.1799,0.1838,0.1989,0.1957,0.1794,0.1794,0.2031,0.1717,0.1772
io_traces.ns486.oracleGeneral.zst_1600000,0.6445,0.6418,0.6049,0.6417,0.6445,0.6537,0.7213,0.6739,0.6449,0.7015,0.653,0.8971,0.6518,0.6621,0.6569,0.6494,0.6451,0.6461,0.6547,0.6492,0.7091
io_traces.ns661.oracleGeneral.zst_16000000,0.2529,0.2465,0.1923,0.2492,0.2575,0.2652,0.3328,0.29,0.2637,0.307,0.2967,0.889,0.262,0.26,0.2751,0.2574,0.2506,0.2518,0.2553,0.2526,0.3366
io_traces.ns826.oracleGeneral.zst_2800000,0.746,0.746,0.7301,0.7463,0.7462,0.7467,0.7507,0.7475,0.7456,0.7468,0.7466,0.8659,0.7472,0.7553,0.7469,0.7471,0.7461,0.7444,0.7481,0.7435,0.7671
io_traces.ns407.oracleGeneral.zst_3000000,0.4781,0.4796,0.4388,0.4791,0.484,0.5104,0.571,0.5195,0.4882,0.5178,0.509,0.6819,0.5032,0.4928,0.5158,0.5024,0.4785,0.4772,0.4871,0.4822,0.4961
io_traces.ns451.oracleGeneral.zst_2200000,0.3941,0.396,0.3516,0.3961,0.395,0.4176,0.5023,0.4461,0.4101,0.4595,0.4334,0.5978,0.4048,0.3973,0.4256,0.4167,0.3939,0.3946,0.4053,0.3962,0.3947
io_traces.ns734.oracleGeneral.zst_3200000,0.1914,0.1913,0.1739,0.1909,0.1929,0.1986,0.2185,0.2012,0.1941,0.2011,0.1998,0.3794,0.1974,0.1967,0.1996,0.1974,0.1911,0.1916,0.1955,0.1926,0.2155
io_traces.ns232.oracleGeneral.zst_18800000,0.1149,0.1153,0.1076,0.1152,0.1156,0.117,0.1237,0.1175,0.1152,0.1183,0.116,0.6782,0.1158,0.117,0.1172,0.116,0.1151,0.1152,0.1152,0.116,0.1184
io_traces.ns487.oracleGeneral.zst_2200000,0.4513,0.4517,0.4184,0.4515,0.4515,0.4556,0.476,0.456,0.4532,0.4554,0.4546,0.6845,0.4557,0.4711,0.4557,0.4554,0.4517,0.4519,0.4575,0.4509,0.4828
io_traces.ns205.oracleGeneral.zst_19600000,0.5517,0.5952,0.4094,0.5807,0.5611,0.5859,0.6032,0.5796,0.5848,0.5775,0.5854,0.8681,0.5583,0.5656,0.586,0.5856,0.5577,0.5613,0.5894,0.5651,0.5901
io_traces.ns701.oracleGeneral.zst_6800000,0.3731,0.3794,0.3118,0.3779,0.3812,0.3904,0.4108,0.3929,0.3863,0.3862,0.3928,0.7317,0.3855,0.3832,0.3916,0.39,0.3748,0.3727,0.3812,0.3734,0.3803
io_traces.ns493.oracleGeneral.zst_2600000,0.696,0.6975,0.6488,0.6967,0.705,0.7371,0.7844,0.7474,0.72,0.7438,0.7367,0.8479,0.7266,0.6986,0.7445,0.7281,0.6945,0.6927,0.7153,0.6999,0.6988
io_traces.ns206.oracleGeneral.zst_465400000,0.2238,0.2136,0.1014,0.21,0.2625,0.2634,0.3574,0.286,0.2349,0.3274,0.3032,0.5204,0.2003,0.1968,0.2776,0.2341,0.226,0.2232,0.2285,0.2494,0.1906
io_traces.ns624.oracleGeneral.zst_2600000,0.6982,0.6994,0.6513,0.6986,0.7085,0.7409,0.7874,0.7483,0.7232,0.7511,0.7398,0.8429,0.732,0.7004,0.748,0.7336,0.6969,0.6952,0.7143,0.7028,0.7008
io_traces.ns191.oracleGeneral.zst_11600000,0.4478,0.454,0.3195,0.4541,0.4944,0.5324,0.5602,0.5072,0.513,0.5615,0.5432,0.8794,0.4889,0.4547,0.538,0.537,0.4488,0.4568,0.4782,0.4868,0.494
io_traces.ns491.oracleGeneral.zst_2400000,0.475,0.4749,0.4301,0.475,0.4752,0.4774,0.4957,0.4783,0.475,0.4797,0.4768,0.7722,0.4777,0.5039,0.4777,0.4775,0.4752,0.4743,0.4766,0.4737,0.5457
io_traces.ns704.oracleGeneral.zst_2400000,0.4696,0.4697,0.4269,0.4698,0.4749,0.5113,0.5872,0.5265,0.4897,0.5369,0.5206,0.6496,0.4886,0.4711,0.522,0.5035,0.4705,0.4728,0.4812,0.4755,0.482
io_traces.ns128.oracleGeneral.zst_34200000,0.1925,0.1928,0.1609,0.1928,0.1929,0.1937,0.1981,0.1947,0.1937,0.1927,0.1942,0.8094,0.1885,0.1945,0.1938,0.1937,0.1926,0.1934,0.1939,0.1936,0.2028
io_traces.ns434.oracleGeneral.zst_15600000,0.2885,0.2866,0.2232,0.2863,0.2883,0.296,0.3552,0.3146,0.3114,0.3599,0.3141,0.9066,0.2946,0.2994,0.2998,0.296,0.2895,0.2899,0.306,0.2879,0.3883
io_traces.ns723.oracleGeneral.zst_1800000,0.615,0.6143,0.5752,0.6142,0.6148,0.6206,0.6331,0.6207,0.6165,0.62,0.6186,0.7301,0.6194,0.6191,0.622,0.6207,0.6154,0.6159,0.616,0.6162,0.6303
io_traces.ns651.oracleGeneral.zst_32000000,0.2004,0.1889,0.1237,0.1927,0.1805,0.1815,0.2024,0.2202,0.2493,0.2628,0.2513,0.9531,0.1769,0.2123,0.1778,0.1778,0.1992,0.2054,0.2121,0.1988,0.3075
io_traces.ns437.oracleGeneral.zst_4200000,0.5017,0.5027,0.4683,0.5027,0.5026,0.5082,0.5568,0.5165,0.5053,0.511,0.5109,0.5936,0.5061,0.5036,0.5114,0.5077,0.5021,0.5029,0.5068,0.5046,0.5065
io_traces.ns548.oracleGeneral.zst_2200000,0.407,0.4102,0.3676,0.4102,0.41,0.4455,0.5228,0.4621,0.4297,0.499,0.4621,0.5633,0.4196,0.41,0.4698,0.4441,0.4081,0.4086,0.4193,0.4117,0.4113
io_traces.ns733.oracleGeneral.zst_15800000,0.3521,0.3483,0.2563,0.3487,0.3565,0.37,0.39,0.3726,0.3841,0.4125,0.3875,0.8973,0.3632,0.3556,0.3729,0.3721,0.3528,0.3547,0.3669,0.3594,0.4747
